3226,3165
3226,3223
3226,3316
3226,3323
3226,3167
3226,3292
3226,3164
3226,3162
3226,449
3165,3164
3165,3285
3165,3341
3165,2022
3165,388
3165,3171
3165,499
3165,3301
3165,385
3165,3150
3165,3374
3165,3165
3165,281
3165,3307
3165,3016
3165,3134
3165,3156
3165,2006
3165,3295
3263,498
3263,423
3263,482
3263,412
3263,284
3263,345
3263,317
3263,503
3263,448
3263,342
3263,411
3263,444
3263,336
3263,301
3263,2008
3263,296
3263,237
3263,368
3263,432
3263,340
3263,531
498,3140
498,280
498,478
498,536
498,434
498,72
498,527
498,247
498,479
498,523
498,496
498,461
498,379
498,519
498,150
3143,3152
3143,475
3143,174
3143,441
3143,3286
3143,3285
3143,3132
3143,3366
3143,3309
3143,3292
3143,490
3143,2012
3143,474
3143,3341
3143,499
3143,3143
3143,3374
3143,3163
3152,503
3152,3148
3152,305
3163,3163
3163,3172
3163,3434
3163,3289
3163,529
3163,3233
3163,3323
3163,281
3163,513
3163,3160
3163,3264
3163,3374
3163,517
3163,479
499,479
499,3259
499,426
499,3164
499,3158
499,3171
499,3360
499,3167
499,3336
499,507
499,3243
499,502
499,251
499,3160
499,3170
499,515
499,2021
499,3135
499,3301
499,529
499,3172
499,368
499,472
499,3176
499,473
499,3374
499,358
499,3141
479,3295
479,448
479,3175
479,423
479,530
479,225
479,470
479,3428
479,3067
479,492
479,3259
479,473
479,3260
479,444
479,490
479,480
479,359
479,3375
479,251
479,486
479,267
479,505
479,3178
479,434
479,367
479,484
479,500
362,445
362,519
362,3139
362,335
445,3243
445,285
445,291
445,368
445,518
445,3063
445,2010
445,2003
445,335
445,284
445,2012
445,301
445,3265
445,3244
445,128
445,79
445,531
445,428
445,3224
445,540
445,348
524,3325
524,449
524,368
524,527
524,3169
524,494
524,482
524,82
524,345
524,296
524,478
524,2017
524,3135
3325,3151
3325,281
3325,490
3325,3328
3325,3374
3325,3363
3164,488
3164,3170
3164,3159
3164,483
3164,439
3164,3171
3164,490
3164,536
3164,520
3164,3259
528,526
528,331
528,3137
528,3223
528,394
528,257
528,297
528,3148
528,458
528,312
528,3305
528,228
528,438
528,307
528,511
528,325
528,440
528,336
528,441
528,355
528,379
528,3258
528,454
528,237
526,410
526,167
526,411
526,285
526,3435
474,3259
474,507
474,442
474,369
474,334
474,491
474,3312
474,515
474,331
3259,410
3259,448
3259,488
3259,2009
3259,285
3259,540
3259,2006
3259,449
3259,348
3259,3427
3259,495
3259,3428
3259,435
297,355
297,364
297,368
297,440
297,285
297,150
297,297
297,509
297,161
297,332
297,3172
297,386
297,2009
297,504
355,309
355,307
355,312
355,461
355,511
355,128
355,2008
355,497
355,306
355,293
355,161
355,502
355,147
355,419
355,358
515,3428
515,509
515,537
515,449
515,383
515,3258
515,388
515,3255
515,315
515,530
515,519
515,423
515,490
515,522
515,3282
515,486
3428,3258
3428,486
3428,3113
3428,509
3428,519
3428,336
3428,496
3428,382
3428,308
3428,410
3172,509
3172,3289
3172,3350
3172,423
3172,3159
3172,3374
423,346
423,441
423,3356
423,3167
423,3170
423,482
423,3160
423,494
423,394
423,449
423,459
267,520
267,440
267,3255
267,267
520,3118
520,433
520,441
520,2017
520,3151
520,305
520,513
520,501
520,453
520,3150
520,455
520,495
520,3168
520,3140
520,459
520,380
520,164
369,306
369,327
369,411
369,475
369,523
369,3265
369,345
369,527
306,317
306,3427
306,3435
306,406
306,3436
306,151
3139,3146
3139,228
3139,3135
3139,3155
3139,3156
3146,3320
3146,2003
3146,236
3146,522
301,301
301,340
301,296
301,3265
301,168
301,400
301,532
301,504
301,2012
301,345
301,412
301,3435
301,536
301,3075
301,383
301,326
301,325
301,505
301,285
301,527
301,496
301,3092
301,473
449,523
449,3360
449,3156
449,3283
449,153
449,334
449,482
449,3383
449,485
449,488
449,490
449,3305
449,449
153,428
153,3131
153,72
153,466
153,3438
428,350
428,325
428,3090
428,531
428,545
428,509
428,174
428,540
428,411
428,161
428,402
428,379
428,466
428,3087
428,434
368,293
368,251
368,483
368,405
368,382
368,348
368,224
368,3435
368,265
368,402
368,326
368,285
368,237
368,346
368,453
368,3236
368,3265
368,3331
368,336
368,2010
368,486
368,377
368,157
513,494
513,3360
513,529
513,2021
513,495
513,435
513,476
494,229
494,79
494,3438
494,461
494,237
494,426
494,317
494,435
494,346
494,377
494,3141
494,3435
494,434
494,2010
523,247
523,486
523,519
523,383
523,3148
523,536
523,509
523,3435
523,3169
523,546
523,345
523,3141
523,507
523,480
247,330
247,453
247,3224
247,212
247,434
247,336
247,328
3255,532
3255,167
3255,212
3255,345
3255,151
3255,439
3255,327
3255,3260
3255,475
3255,127
3255,168
3255,518
3255,3224
532,416
532,3100
532,241
532,3110
532,356
532,236
532,3435
532,3115
532,311
532,460
532,151
532,312
532,3120
532,495
532,343
482,442
482,376
482,475
482,518
482,3171
482,3435
482,326
482,491
482,444
482,308
482,519
482,461
482,236
482,252
3429,270
3429,244
3429,3335
3429,406
3429,365
3429,3100
270,361
270,243
270,83
270,323
270,443
473,410
473,243
473,511
473,3427
473,438
473,326
473,473
473,284
473,3349
473,348
410,466
410,3107
410,3080
410,492
410,411
410,3427
410,486
410,282
410,439
410,229
410,497
410,161
516,3390
516,519
3390,285
3390,3137
3390,3290
3390,3144
3390,3374
472,334
472,3238
472,212
472,342
472,488
472,380
472,358
472,446
472,503
472,456
472,434
334,439
334,151
334,450
334,536
334,448
334,458
334,3258
334,285
334,147
334,496
334,426
3349,3414
3349,3417
3349,343
3349,412
3349,311
3349,3353
3349,3415
3349,3354
3349,143
3349,3364
3349,3377
3349,3423
3349,2002
3414,391
3414,3361
3414,420
3417,3365
3417,467
3417,3304
3417,3016
3417,3297
478,236
478,530
478,450
478,490
478,519
478,212
478,529
478,2021
478,168
478,2003
478,545
478,505
478,2023
478,358
236,527
236,434
236,278
236,470
236,346
236,511
236,536
236,254
236,504
236,3134
236,279
236,487
236,295
236,3435
236,486
236,367
236,435
442,497
442,238
442,3244
442,475
442,476
442,546
442,2021
442,116
442,470
466,487
466,519
466,382
466,527
466,545
466,503
466,2022
466,488
466,496
497,514
497,307
497,391
497,454
497,388
497,401
497,326
497,3131
497,511
497,3178
497,257
497,504
497,385
497,167
497,3235
497,509
343,3101
343,3112
343,295
343,430
475,237
475,446
475,522
475,345
475,168
475,3132
475,305
475,238
475,402
475,229
475,531
237,259
237,388
237,540
237,307
237,349
237,400
237,487
237,509
237,459
237,337
237,3041
237,417
237,3312
237,161
237,3224
3319,364
3319,3306
3319,366
3319,3415
364,3047
364,345
364,3249
3169,3357
3169,3323
3169,514
3169,3137
3169,3166
3169,509
3169,3171
3357,3314
3147,3135
3147,385
3147,3137
3147,3134
3147,3131
3147,3151
3147,3314
3147,167
3147,3372
3135,3376
3135,3145
3135,454
3135,3284
3135,3134
3135,3118
3135,3294
3135,3155
389,3073
389,3110
389,3093
389,3096
3073,365
3073,388
3073,3092
3073,3086
3073,3090
3073,350
3073,437
3073,396
3161,448
3161,281
3161,529
3161,3295
448,326
448,503
448,505
448,537
448,345
448,3171
448,212
448,434
448,195
448,509
448,3260
448,3375
412,396
412,303
412,400
412,486
412,421
412,144
412,266
412,3101
412,419
412,507
412,336
412,3410
3233,379
3233,3158
3233,3142
3233,3141
3233,3235
3233,3425
3233,359
3233,2006
3233,450
3233,484
3233,495
3233,3375
379,325
379,347
379,127
379,507
379,536
379,3166
379,438
379,461
379,345
379,312
379,500
379,455
379,518
312,82
312,531
312,377
312,340
312,351
312,3256
312,504
312,331
312,128
312,257
312,279
312,307
312,2004
312,382
312,3427
312,3115
312,511
312,505
312,2003
312,536
312,427
312,229
312,161
312,151
312,438
312,3354
82,387
82,323
82,531
82,327
82,340
3243,3140
3243,326
3243,518
3243,3223
3243,3378
3243,3285
3243,440
308,534
308,259
308,363
308,264
308,385
308,350
534,361
534,360
534,128
534,363
534,291
3137,3170
3137,383
3137,3367
3137,3148
3137,228
3137,519
3137,3286
3137,3156
3137,3158
3137,485
3137,388
3137,3160
3137,3132
3137,3142
3137,2006
3170,2006
3170,3378
3170,3160
3170,3307
3170,3167
3170,3159
3170,3370
3170,3158
3170,3301
3170,3320
3343,3350
3343,3383
3350,3176
3350,3162
3350,3177
3350,3293
3350,3350
3162,3307
3162,3265
3162,3159
3162,3383
3307,3292
3354,353
3354,3313
3354,3416
3354,3404
3354,3389
3354,3373
353,3365
353,3016
353,3310
353,3242
353,143
353,3409
3313,443
3313,3340
3416,3403
3416,395
3416,3300
311,320
311,433
311,311
311,151
311,349
311,302
311,411
311,432
311,3435
311,491
311,265
311,161
324,326
324,419
324,3339
324,366
324,399
324,3118
324,3076
324,3056
326,380
326,507
326,349
326,3260
326,388
326,161
326,322
326,285
326,3435
326,350
326,212
326,3140
326,335
326,455
326,168
326,360
326,491
326,280
502,350
502,348
502,307
502,519
502,279
502,296
502,504
502,2008
502,317
502,402
502,432
502,242
350,228
350,293
350,3124
350,257
350,3087
350,3427
350,259
350,350
350,2004
350,265
350,174
350,434
350,296
416,261
416,3423
416,3382
174,401
174,438
174,325
174,491
174,518
174,150
174,446
174,340
174,529
3168,346
3168,3168
3168,3293
3168,3316
3168,2006
3168,3177
3168,3141
3168,385
3168,3286
3168,3282
3168,3294
346,490
346,3436
346,509
346,488
346,348
346,453
346,426
346,519
346,402
346,3434
461,439
461,476
461,3359
461,284
461,517
461,385
461,339
461,426
461,432
461,3151
461,496
461,492
461,438
439,441
439,504
439,3435
439,382
3160,3341
3160,480
3160,3132
3160,3160
3160,3374
3160,3173
3160,3320
3160,2006
3160,2021
398,3396
398,3180
398,414
398,3422
398,391
3396,3412
3396,2000
509,496
509,383
509,335
509,2021
509,458
509,402
509,3167
509,317
509,509
509,127
509,347
509,508
509,128
509,3436
509,3293
509,260
509,284
366,243
366,409
366,120
366,384
366,3402
366,323
243,3049
243,358
376,382
376,151
143,430
143,414
143,3344
143,387
143,420
143,3315
430,354
430,3094
224,265
224,3427
224,340
224,276
224,302
224,531
224,319
265,281
265,307
265,332
265,296
265,485
265,394
265,444
265,487
265,3376
265,128
265,285
265,380
265,536
522,3288
522,453
522,2004
522,359
3288,3145
3288,3372
3288,3290
383,3155
383,229
383,490
383,408
383,426
383,3435
383,470
383,2010
383,383
3155,3142
3155,3148
3155,3286
3155,3355
3155,492
3155,157
419,295
419,507
519,305
519,480
519,531
519,529
519,228
519,483
519,72
519,3224
519,3132
519,335
519,3131
519,3141
519,487
545,483
545,486
545,361
545,402
545,315
483,388
483,394
483,3301
483,380
483,3041
483,3176
483,336
483,253
483,307
146,363
146,161
146,358
146,276
146,268
146,438
146,387
146,2008
146,380
146,264
363,387
363,249
363,438
363,327
363,254
363,147
3423,3060
3423,3365
3423,3300
3060,3052
3060,3087
3060,83
3060,3044
3060,3064
3118,261
3118,3106
3118,3070
3118,3142
3118,3237
3118,3107
3118,3119
259,386
259,328
259,317
259,487
441,518
441,2006
441,3312
441,2021
441,3374
441,281
3366,3323
3366,3159
3366,3293
385,264
385,3372
484,168
484,537
484,492
484,484
484,438
484,3375
168,285
168,487
168,325
168,507
168,492
168,433
168,302
168,161
168,328
168,438
168,540
168,394
168,527
285,394
285,393
285,127
285,527
285,446
285,3260
285,470
285,327
285,161
285,335
285,459
285,2003
285,405
285,2023
285,3431
285,455
285,438
285,3167
285,511
285,296
476,393
476,2003
476,340
476,446
476,358
476,505
476,228
476,279
476,3140
394,293
394,284
394,2002
394,349
394,260
394,536
394,295
394,341
394,504
394,380
394,3002
394,161
3264,3140
3264,3175
3140,3142
3140,3150
3140,536
3140,3224
3140,167
3140,2004
3140,527
3140,3231
3297,3401
3297,3364
3297,3317
3297,3415
3297,3419
3297,3306
3401,3311
426,459
426,249
426,495
426,128
426,514
426,470
3339,392
396,3058
396,3317
396,3074
396,3221
396,3072
261,217
261,241
261,392
261,3303
261,3016
328,195
328,3256
328,411
328,458
328,361
328,496
328,508
195,307
195,391
195,357
195,304
195,432
488,345
488,325
488,444
488,3132
488,491
488,3175
488,293
488,2006
488,3383
488,488
488,3320
284,508
284,503
284,458
284,161
284,296
284,433
284,128
284,432
284,293
284,336
284,325
284,358
284,492
284,530
508,293
508,3167
508,434
508,440
508,531
508,72
508,3159
508,225
517,507
517,3223
507,505
507,486
507,511
507,2006
507,361
507,531
507,2012
507,500
305,490
305,454
305,3159
238,496
238,3002
238,3178
238,264
238,405
238,251
238,212
496,257
496,470
496,388
496,487
496,335
496,485
496,79
293,79
293,380
293,291
167,433
167,2021
167,2010
167,2006
167,302
3158,72
3158,490
3158,3289
3158,3434
3158,3293
3158,3177
3223,3320
3223,3231
3223,3175
3223,3142
3434,3167
3434,3159
3434,3285
3285,3159
3285,3175
3285,3359
3285,3383
514,3256
514,264
514,3383
514,225
514,2004
514,3224
514,458
514,251
514,3328
514,72
514,2003
514,514
309,450
309,304
309,295
3086,2002
3086,471
3086,481
3086,539
3086,3100
2002,3077
2002,344
2002,3083
2002,276
2002,3078
3002,3256
3002,257
3002,327
3002,2010
3002,382
3002,360
3002,249
3002,3002
3002,315
228,3289
228,164
228,527
228,3141
228,531
228,3159
393,401
393,2021
393,161
393,3435
393,492
3316,3400
405,358
405,3166
405,316
405,529
405,380
405,291
405,327
405,252
405,480
405,2008
358,438
358,3383
358,316
358,415
358,147
358,450
358,459
358,3244
358,3260
358,2017
470,164
470,380
470,388
470,433
470,438
470,2012
470,252
470,3256
164,438
3289,3283
3289,422
3289,3374
3081,307
3081,3112
3081,3115
3081,3093
307,151
307,387
307,3431
307,348
307,279
307,2003
307,325
307,251
307,307
307,356
307,264
307,400
307,339
307,377
307,342
307,341
307,504
307,360
307,316
3100,3016
331,116
331,539
331,303
331,340
331,536
525,3383
525,347
525,3427
525,2008
525,2021
525,446
525,536
3383,3283
3383,3400
3383,3295
3383,3320
3383,3331
3383,72
3383,3314
3383,3367
3383,3293
3383,3167
3383,3360
330,3402
382,317
382,336
382,504
382,3224
382,527
382,212
382,434
382,540
382,2004
382,348
382,151
382,433
382,2009
382,128
317,336
317,3224
317,536
317,527
317,504
317,3427
317,327
490,540
490,212
490,2021
490,450
490,527
490,530
490,147
490,529
490,3260
490,2006
490,3151
490,3224
490,495
540,3260
540,3132
540,229
540,450
540,3362
540,2006
217,249
217,276
217,239
217,3303
217,321
217,467
414,3392
3093,3087
3093,460
3093,3241
3093,3107
3087,3064
3087,3102
3087,3095
3087,3107
3087,3061
3087,3043
340,302
340,3435
340,266
388,444
388,212
388,3175
388,127
388,3224
444,450
444,3427
444,266
444,3132
444,377
444,411
444,161
444,2006
241,390
241,3364
3283,495
387,3256
387,151
387,408
387,3260
387,3388
387,3365
387,321
387,341
387,3232
387,3440
387,3427
387,232
387,387
387,322
3256,161
3256,212
3256,327
3256,147
3256,3167
3256,459
3256,2008
151,345
151,417
151,504
151,487
151,2005
151,302
151,128
151,320
3142,3351
3142,438
3142,3305
3142,3129
3142,492
3142,3151
3142,3372
3142,2022
3142,454
527,487
527,3141
527,2003
527,527
527,454
491,504
491,438
491,3175
491,2004
504,531
504,150
504,3362
504,402
504,302
450,459
450,3362
450,281
450,446
450,3167
450,3305
450,225
450,450
450,72
450,3132
450,348
450,453
459,446
459,249
459,345
459,486
348,320
348,152
348,380
348,251
348,253
3286,3400
3286,3167
3286,3374
3125,3116
3125,3241
3125,3141
3125,3115
3116,3421
3360,3167
3360,440
3360,3295
3360,2021
3360,3156
3107,3016
3107,3068
3107,3117
3107,3058
3107,460
3107,539
3107,3095
401,342
401,291
401,392
401,438
401,3431
401,264
3047,344
344,3103
344,3046
344,3068
3101,3110
3101,3108
3101,295
531,438
531,432
531,3427
531,411
531,319
531,345
531,2012
531,342
531,144
157,3326
157,391
157,395
157,2010
157,232
3328,3314
3328,3171
3314,3145
3314,3375
438,433
438,3078
438,361
438,438
438,455
438,3016
438,161
438,3431
3376,518
72,536
3224,229
3224,537
3224,252
3224,505
3224,161
3224,316
229,302
229,503
229,127
229,417
229,295
229,2008
229,356
229,79
127,3134
127,349
127,322
127,254
354,3052
354,384
354,3042
354,244
354,354
3052,83
3052,3241
3052,3042
3368,3412
3368,3377
3368,3365
3412,3412
503,2004
503,518
503,281
503,435
391,3371
391,83
391,323
391,3062
391,3342
391,3308
391,296
453,251
453,402
453,2021
453,495
453,319
453,128
453,212
251,116
251,361
251,480
251,291
251,279
251,152
254,487
254,486
254,2003
254,345
254,253
254,511
254,2004
254,434
254,402
254,2010
487,150
487,435
212,161
212,116
212,3236
212,380
212,296
3336,3424
3336,3400
3336,3145
3336,3295
3336,3367
480,2021
480,161
480,3175
480,536
480,3236
480,3173
480,3362
3322,373
433,319
433,2021
433,349
433,161
433,253
433,342
433,411
3365,275
3132,485
3132,2003
377,345
377,2009
377,152
365,278
365,481
3176,495
3176,3176
3176,3178
3362,3362
3362,2006
3295,3374
3295,492
3295,3171
3295,3145
3295,3167
384,3364
384,3088
384,3303
384,3418
384,244
384,3246
384,539
3400,2006
2022,2006
2022,3282
2022,281
511,161
511,2023
511,349
511,536
3293,3159
3293,422
3293,3171
3167,3238
3167,422
3167,3374
3167,335
3167,3159
3167,530
3167,3177
505,3171
505,3134
505,3374
505,2006
505,336
3112,3108
3112,3102
3112,539
3112,3082
3112,282
3108,3083
3108,539
3108,3090
536,2008
536,434
536,492
536,2003
536,485
536,3258
2008,2008
2008,150
2008,386
2008,2009
2008,411
2008,337
2008,327
2021,319
2021,3258
2021,281
2021,3235
2021,518
2021,2006
291,3435
291,296
3260,380
3260,3435
3260,434
3260,2004
529,3175
529,3235
529,530
529,3378
529,2006
3166,3178
3166,3141
3166,3331
3166,3166
342,361
342,3435
342,2009
342,342
342,336
342,2006
325,3364
325,302
325,361
325,446
3364,3306
3364,3348
281,3309
281,3387
281,3175
281,530
281,3374
281,3171
281,281
3309,3156
3309,3387
3309,3148
3109,3092
3092,3092
3092,397
361,486
361,152
361,435
361,361
361,268
361,345
361,332
361,349
486,380
486,2012
486,486
402,161
402,339
402,304
402,3238
402,386
402,495
380,3435
380,435
3148,3141
3148,3145
3148,422
3148,3150
3148,454
408,3110
3091,3016
3091,3074
3091,539
3016,3221
3016,481
3016,3110
434,2003
434,434
434,2004
434,539
434,3177
434,446
345,432
345,150
345,2004
345,161
345,492
345,225
345,2012
345,3171
345,3059
335,335
335,2004
335,248
257,3435
257,147
257,2009
257,296
257,257
3159,3159
3159,454
3159,3171
3156,3238
3156,3305
3156,3150
3156,3355
3156,3294
320,316
320,360
320,296
320,392
320,3435
3431,546
3431,458
485,546
485,456
485,435
485,3134
546,546
546,3258
546,2003
392,120
392,313
336,446
336,432
319,150
3306,3332
3306,3415
3306,3419
3306,3402
3435,3236
3435,347
3435,315
3435,3244
3435,150
3435,349
3435,128
3435,321
3435,302
3435,518
3435,357
3171,454
3171,303
3076,3063
3076,3094
3076,313
3063,539
3063,3083
3175,3177
3175,422
3175,280
3175,3294
3175,3144
3058,481
446,458
446,3427
3117,356
356,128
356,2006
530,2003
530,455
530,304
530,3178
316,411
3068,407
3335,3317
3335,3321
537,3236
537,357
3177,3294
3177,3292
3177,3331
456,3238
456,501
456,3145
3238,3375
3238,367
3238,3305
116,3074
116,260
539,460
539,3096
539,3083
539,3106
539,539
539,3102
539,3072
3407,395
3407,3388
395,275
395,3347
395,3353
395,406
3236,3141
3141,2006
3141,492
3141,2003
3141,3141
3141,3150
3292,3374
278,3384
303,268
303,349
303,390
295,161
295,339
295,302
295,150
295,411
295,3427
295,518
161,2009
161,327
3436,3436
3436,264
2006,2006
2006,3374
2006,3427
2006,3282
3351,3379
3351,3151
3332,3397
3427,79
3427,349
3427,253
3427,296
3427,347
3074,3110
3074,349
471,3041
471,471
471,3067
3094,3115
3094,460
3094,3055
3094,3113
225,455
225,304
225,2004
225,327
3145,3151
3064,3062
3064,3103
3082,3103
3082,3065
3082,3082
3103,245
3103,3430
3103,3050
3069,3062
3069,3083
518,3305
518,367
518,400
3379,3387
249,3440
249,304
249,152
327,501
327,268
327,427
327,415
327,327
327,322
327,432
432,386
432,454
432,253
3102,3122
3102,460
150,242
3124,3129
3124,3237
128,435
128,357
321,242
321,3090
321,245
242,3246
242,282
242,460
242,406
242,3110
3387,3305
2003,435
3096,3113
3096,282
3096,3122
3113,3119
417,495
417,268
417,2004
2009,79
2009,279
2009,337
79,347
422,3374
244,144
244,467
244,239
302,296
302,3134
3321,3246
3110,3106
3110,406
3110,282
454,3438
3438,3359
495,3244
3320,3305
3415,3315
3415,3353
3315,390
3315,3419
3315,3409
411,411
460,3111
390,3041
279,279
268,427
268,386
3041,3041
3077,3115
3077,3055
492,2010
492,455
313,3232
313,262
3235,359
3305,3134
3305,3151
3305,2023
3305,3391
282,282
282,3111
282,421
282,2000
2004,147
2004,2004
3353,3361
3353,3398
3115,443
2010,2010
3399,3358
3358,3304
3358,3373
3358,3310
3046,409
3403,3232
455,3338
455,3375
83,3304
83,3371
3249,3055
3241,3242
437,3054
437,3043
437,274
437,3418
437,3409
3054,436
3054,3043
3054,3361
3310,3398
3310,3310
296,341
296,3402
296,3308
467,3371
467,3404
467,310
3111,386
152,360
386,304
386,332
304,147
304,304
407,3180
3419,3404
3402,3386
3304,3397
3304,3333
3304,3418
3304,3398
3304,3346
3397,3382
147,3303
3382,3408
3382,3382
245,274
245,258
3377,3409
120,406
3372,3345
3372,3372
3420,3409
3409,3389
3409,3398
3083,3418
436,420
436,3043
323,2000
274,3057
274,275
3126,3237
3237,3070
397,397
3312,3345
3312,3129
339,339
332,315
3179,239
239,3346
3122,3120
315,3440
406,310
406,3418
406,3386
3374,3374
420,3361
3180,3180
3404,3422
3398,3340
3398,3394
3056,3075
3308,3308
3053,258
3157,3157
