3226,3165
3226,3223
3226,3316
3226,3323
3226,3167
3226,3292
3226,3164
3226,3162
3226,449
3226,3282
3226,3350
3226,3374
3226,3283
3226,3341
3226,498
3226,3158
3226,3286
3226,456
3226,362
3226,520
3226,3172
3226,267
3226,3331
3226,3170
3226,3293
3226,3314
3226,3140
3226,173
3226,3175
3226,2006
3226,3375
3226,3325
3226,529
3226,281
3226,3320
3226,499
3165,3164
3165,3285
3165,3341
3165,2022
3165,388
3165,3171
3165,499
3165,3301
3165,385
3165,3150
3165,3374
3165,3165
3165,281
3165,3307
3165,3016
3165,3134
3165,3156
3165,2006
3165,3295
3165,3139
3165,3137
3165,3176
3165,3160
3165,3175
3165,3331
3165,3168
3165,3343
3165,3320
3165,3431
3165,3167
3165,3143
3165,3292
3165,153
3165,3309
3165,3161
3165,3166
3165,530
3165,72
3165,490
3165,508
3165,3383
3165,3141
3165,305
3263,498
3263,423
3263,482
3263,412
3263,284
3263,345
3263,317
3263,503
3263,448
3263,342
3263,411
3263,444
3263,336
3263,301
3263,2008
3263,296
3263,237
3263,368
3263,432
3263,340
3263,531
3263,393
3263,433
3263,350
3263,253
3263,410
3263,485
3263,402
3263,428
3263,151
3263,505
3263,496
3263,3321
3263,394
3263,153
3263,519
3263,3163
3263,445
3263,3427
3263,439
3263,79
3263,3288
3263,322
3263,302
3263,380
3263,383
3263,265
3263,434
3263,461
3263,293
3263,523
3263,3107
3263,297
3263,3224
3263,2012
3263,312
3263,472
3263,2004
3263,453
3263,497
3263,2003
3263,224
3263,3428
3263,295
3263,313
3263,495
3263,524
498,3140
498,280
498,478
498,536
498,434
498,72
498,527
498,247
498,479
498,523
498,496
498,461
498,379
498,519
498,150
498,225
498,497
498,297
498,486
498,3167
498,3235
498,474
498,450
498,532
498,520
498,3132
498,435
498,484
498,529
498,3236
498,476
498,457
498,3163
498,350
498,522
498,441
498,3171
498,285
498,495
498,445
3143,3152
3143,475
3143,174
3143,441
3143,3286
3143,3285
3143,3132
3143,3366
3143,3309
3143,3292
3143,490
3143,2012
3143,474
3143,3341
3143,499
3143,3143
3143,3374
3143,3163
3143,461
3143,3282
3143,2003
3143,3175
3143,3168
3143,3151
3143,3320
3143,3158
3143,281
3143,2006
3143,3135
3143,520
3143,2017
3143,3160
3143,3162
3143,3376
3143,320
3143,3360
3143,456
3143,3167
3143,3283
3143,3438
3143,3140
3143,3288
3143,440
3143,3156
3143,457
3143,305
3143,3370
3152,503
3152,3148
3152,305
3152,3139
3152,3164
3152,2023
3152,468
3152,237
3163,3163
3163,3172
3163,3434
3163,3289
3163,529
3163,3233
3163,3323
3163,281
3163,513
3163,3160
3163,3264
3163,3374
3163,517
3163,479
3163,480
3163,3336
3163,3148
3163,280
3163,3168
3163,2021
3163,3137
3163,247
3163,528
3163,457
3163,3285
3163,3295
3163,3282
3163,434
3163,3286
3163,3166
3163,3292
3163,3320
3163,468
3163,3171
3163,2006
3163,251
3163,359
3163,3427
3163,441
3163,3158
3163,494
3163,3145
3163,423
3163,3283
3163,456
3163,3175
3163,3167
3163,488
3163,3298
3163,362
3163,367
3163,3367
499,479
499,3259
499,426
499,3164
499,3158
499,3171
499,3360
499,3167
499,3336
499,507
499,3243
499,502
499,251
499,3160
499,3170
499,515
499,2021
499,3135
499,3301
499,529
499,3172
499,368
499,472
499,3176
499,473
499,3374
499,358
499,3141
499,281
499,3282
499,2006
499,3295
499,3294
499,3286
499,499
499,531
499,517
499,480
499,3320
499,449
499,3162
499,3288
499,225
499,493
499,3341
499,3255
499,490
499,509
499,525
499,3390
499,3223
499,380
499,3290
499,495
499,2010
499,347
499,3343
499,385
499,3175
499,455
499,457
499,3168
499,520
499,72
499,3328
499,514
499,3323
499,3139
499,3350
499,173
499,127
499,3148
499,488
499,513
499,524
499,456
499,334
499,518
499,3224
499,484
499,3173
499,3260
499,3307
499,3142
499,468
499,528
479,3295
479,448
479,3175
479,423
479,530
479,225
479,470
479,3428
479,3067
479,492
479,3259
479,473
479,3260
479,444
479,490
479,480
479,359
479,3375
479,251
479,486
479,267
479,505
479,3178
479,434
479,367
479,484
479,500
479,3145
479,3336
479,458
479,387
479,3357
479,3289
479,346
479,336
479,523
479,3356
479,3158
479,3427
479,284
479,3256
479,2006
479,3164
479,468
479,469
479,509
479,334
479,3360
479,410
479,3160
479,479
479,327
479,466
479,212
479,3159
479,488
479,3350
479,545
479,518
479,3176
479,457
479,528
479,524
479,3161
479,447
479,546
479,494
479,305
479,394
479,537
362,445
362,519
362,3139
362,335
362,448
362,444
362,540
362,513
362,3236
362,280
362,281
362,533
362,2021
362,3233
445,3243
445,285
445,291
445,368
445,518
445,3063
445,2010
445,2003
445,335
445,284
445,2012
445,301
445,3265
445,3244
445,128
445,79
445,531
445,428
445,3224
445,540
445,348
445,528
445,435
445,302
445,358
445,143
445,247
445,487
445,401
445,2004
445,229
445,3408
445,453
445,483
445,254
445,460
445,439
445,402
445,383
445,251
445,237
445,3142
445,339
445,389
445,315
445,441
445,334
445,410
445,405
445,332
445,444
445,382
445,3260
445,3166
445,536
445,3435
445,477
445,225
445,116
445,492
445,3148
445,3409
445,504
445,265
445,446
445,474
445,3427
445,496
445,253
445,440
445,349
445,426
445,336
445,532
445,293
445,306
445,476
445,412
445,445
524,3325
524,449
524,368
524,527
524,3169
524,494
524,482
524,82
524,345
524,296
524,478
524,2017
524,3135
524,495
524,428
524,2006
524,3427
524,293
524,168
524,3164
524,486
524,450
524,2003
524,520
524,488
524,3305
524,508
524,281
3325,3151
3325,281
3325,490
3325,3328
3325,3374
3325,3363
3325,3140
3325,3320
3325,478
3325,3148
3325,3336
3325,3135
3325,3168
3164,488
3164,3170
3164,3159
3164,483
3164,439
3164,3171
3164,490
3164,536
3164,520
3164,3259
3164,3162
3164,3002
3164,3302
3164,3328
3164,3367
3164,281
3164,3156
3164,438
3164,3285
3164,516
3164,3131
3164,3343
3164,385
3164,3168
3164,3140
3164,3160
3164,466
3164,3169
3164,3137
3164,3141
3164,519
3164,3286
3164,468
3164,423
3164,3132
3164,2021
3164,469
3164,3295
3164,3158
3164,3146
3164,3155
3164,3362
3164,457
3164,3307
3164,3350
3164,3336
528,526
528,331
528,3137
528,3223
528,394
528,257
528,297
528,3148
528,458
528,312
528,3305
528,228
528,438
528,307
528,511
528,325
528,440
528,336
528,441
528,355
528,379
528,3258
528,454
528,237
528,442
528,485
528,473
528,505
528,2022
528,439
528,247
528,3140
528,285
528,326
528,2003
528,400
528,504
528,487
528,168
528,472
528,3255
528,496
528,492
528,151
528,229
528,356
528,507
528,477
528,236
528,483
528,265
528,385
528,161
528,293
528,461
526,410
526,167
526,411
526,285
526,3435
526,307
526,500
526,438
526,472
526,164
526,483
526,545
526,461
526,3255
526,2021
526,448
526,3378
526,3233
526,532
526,453
526,116
526,504
526,2012
526,3244
526,527
526,497
526,487
526,536
526,480
526,342
474,3259
474,507
474,442
474,369
474,334
474,491
474,3312
474,515
474,331
474,3223
474,482
474,505
474,297
474,3137
474,484
474,3160
474,520
474,281
474,377
474,380
474,483
474,358
474,487
474,496
474,368
474,428
474,320
474,527
474,3435
474,402
474,3431
474,2012
3259,410
3259,448
3259,488
3259,2009
3259,285
3259,540
3259,2006
3259,449
3259,348
3259,3427
3259,495
3259,3428
3259,435
3259,325
3259,284
3259,459
3259,3224
3259,382
3259,3260
3259,168
3259,3435
3259,457
3259,3159
3259,468
3259,3236
297,355
297,364
297,368
297,440
297,285
297,150
297,297
297,509
297,161
297,332
297,3172
297,386
297,2009
297,504
297,358
297,540
297,307
297,505
297,410
297,3412
297,168
297,486
297,312
297,259
297,511
297,3331
297,527
297,487
297,345
297,458
297,379
297,229
297,302
297,514
297,348
297,428
297,128
297,167
297,2010
297,361
297,453
297,174
297,483
297,3141
297,494
297,236
297,401
297,3244
297,3431
297,461
355,309
355,307
355,312
355,461
355,511
355,128
355,2008
355,497
355,306
355,293
355,161
355,502
355,147
355,419
355,358
355,151
355,3002
355,426
355,331
355,264
355,316
355,3427
355,433
355,3260
355,444
355,387
355,249
355,320
355,3256
355,350
355,458
355,254
355,520
355,328
355,401
355,417
355,224
355,3062
355,466
355,2009
355,2010
355,428
355,251
355,291
355,301
355,265
355,368
355,303
355,473
355,3435
355,495
515,3428
515,509
515,537
515,449
515,383
515,3258
515,388
515,3255
515,315
515,530
515,519
515,423
515,490
515,522
515,3282
515,486
515,3002
515,3175
515,500
515,426
515,435
515,363
515,459
515,470
515,536
515,3142
515,380
515,151
515,473
515,334
515,285
515,492
515,3309
515,3256
515,442
515,468
515,505
515,3293
515,482
515,477
515,153
515,457
515,3372
515,450
515,446
515,513
515,265
515,494
515,458
515,495
515,3235
515,305
515,507
515,515
515,212
3428,3258
3428,486
3428,3113
3428,509
3428,519
3428,336
3428,496
3428,382
3428,308
3428,410
3428,279
3428,426
3428,3162
3428,3002
3428,168
3428,319
3428,2021
3428,325
3428,423
3428,459
3428,358
3428,351
3428,225
3428,454
3428,326
3428,485
3428,348
3428,2003
3428,72
3428,247
3428,380
3428,312
3428,3255
3428,346
3428,477
3428,3256
3428,532
3428,482
3428,237
3172,509
3172,3289
3172,3350
3172,423
3172,3159
3172,3374
3172,3146
3172,3360
3172,167
3172,3155
3172,3305
3172,3160
3172,3132
3172,3362
3172,3172
3172,3293
423,346
423,441
423,3356
423,3167
423,3170
423,482
423,3160
423,494
423,394
423,449
423,459
423,212
423,3360
423,358
423,511
423,3357
423,519
423,444
423,3341
423,423
423,225
423,3292
423,79
423,167
423,490
423,3323
423,520
423,3289
423,3135
423,3256
423,281
423,3162
423,3132
423,530
423,3362
423,509
423,3142
423,3159
423,3383
423,488
267,520
267,440
267,3255
267,267
267,229
267,312
267,428
267,450
267,3258
267,457
267,3142
267,501
267,3132
267,164
267,448
267,518
267,484
267,116
267,507
267,434
267,3336
520,3118
520,433
520,441
520,2017
520,3151
520,305
520,513
520,501
520,453
520,3150
520,455
520,495
520,3168
520,3140
520,459
520,380
520,164
520,3374
520,505
520,153
520,3142
520,358
520,72
520,3145
520,449
520,2021
520,529
520,3129
520,472
520,3431
520,3177
520,3137
520,3134
520,3243
520,168
520,3235
520,442
520,450
520,293
520,3158
520,3282
520,493
520,496
520,3336
520,468
520,536
520,457
520,173
520,382
520,444
520,477
520,2006
369,306
369,327
369,411
369,475
369,523
369,3265
369,345
369,527
369,382
369,536
369,168
369,348
369,236
369,487
369,3427
369,293
369,351
369,312
369,308
369,3244
369,434
369,3435
369,369
369,2004
369,439
369,470
369,450
369,174
369,127
369,380
369,325
306,317
306,3427
306,3435
306,406
306,3436
306,151
306,398
306,394
306,312
306,3002
306,320
306,260
306,3224
306,527
306,504
306,350
306,265
306,308
306,237
306,147
306,401
306,150
306,368
306,326
306,2008
306,438
306,408
306,236
306,418
3139,3146
3139,228
3139,3135
3139,3155
3139,3156
3139,3141
3139,3142
3139,3175
3139,529
3139,3168
3139,385
3139,3367
3139,3282
3139,3159
3139,3295
3139,3438
3139,3151
3146,3320
3146,2003
3146,236
3146,522
3146,3328
3146,3309
3146,3151
3146,468
3146,3378
3146,3171
3146,3142
3146,3134
3146,3166
3146,3141
3146,3351
3146,457
3146,281
301,301
301,340
301,296
301,3265
301,168
301,400
301,532
301,504
301,2012
301,345
301,412
301,3435
301,536
301,3075
301,383
301,326
301,325
301,505
301,285
301,527
301,496
301,3092
301,473
301,539
301,3422
301,295
301,293
301,518
301,476
301,410
301,161
301,280
301,361
301,531
301,224
301,229
301,394
301,312
301,433
301,237
301,368
301,279
301,3090
301,435
301,3103
301,268
301,3063
301,332
301,2003
301,519
301,428
301,127
301,251
301,502
301,387
301,3339
301,439
301,487
301,309
301,438
301,236
301,540
301,385
301,2004
449,523
449,3360
449,3156
449,3283
449,153
449,334
449,482
449,3383
449,485
449,488
449,490
449,3305
449,449
449,3282
449,522
449,147
449,167
449,434
449,505
449,508
449,444
449,507
449,509
449,257
449,3159
449,446
449,3161
449,3126
449,495
449,345
449,529
449,212
449,486
449,478
449,3160
449,285
449,173
449,3177
449,380
449,536
449,3301
153,428
153,3131
153,72
153,466
153,3438
153,284
153,2017
153,500
153,519
153,382
153,3141
153,368
153,377
153,363
153,545
153,3367
153,433
153,522
153,3431
153,527
153,458
153,3336
153,346
153,441
153,446
153,484
153,280
153,3175
153,456
153,402
153,228
153,468
153,305
153,482
153,518
153,477
428,350
428,325
428,3090
428,531
428,545
428,509
428,174
428,540
428,411
428,161
428,402
428,379
428,466
428,3087
428,434
428,516
428,3083
428,3435
428,311
428,511
428,459
428,3238
428,496
428,3427
428,326
428,514
428,259
428,293
428,128
428,382
428,405
428,2021
428,503
428,497
428,302
428,334
428,507
428,433
428,426
428,527
428,508
428,394
428,393
428,441
428,387
428,536
428,357
428,147
428,385
428,380
428,446
428,504
428,416
428,2002
428,368
428,331
368,293
368,251
368,483
368,405
368,382
368,348
368,224
368,3435
368,265
368,402
368,326
368,285
368,237
368,346
368,453
368,3236
368,3265
368,3331
368,336
368,2010
368,486
368,377
368,157
368,438
368,450
368,376
368,334
368,530
368,309
368,332
368,2006
368,3427
368,3132
368,281
368,357
368,236
368,426
368,3158
368,82
368,509
368,2008
368,282
368,531
368,478
368,446
368,417
368,394
368,490
368,322
368,238
368,444
368,461
368,410
368,3260
368,470
368,500
368,2021
368,3256
368,168
368,3233
368,447
368,432
368,2004
368,473
368,116
368,2022
368,527
368,345
368,296
368,2003
368,3224
368,212
368,150
368,307
513,494
513,3360
513,529
513,2021
513,495
513,435
513,476
513,490
513,3112
513,347
513,3132
513,3161
513,426
513,450
513,530
513,493
513,304
513,505
513,72
513,472
513,519
513,3150
513,434
494,229
494,79
494,3438
494,461
494,237
494,426
494,317
494,435
494,346
494,377
494,3141
494,3435
494,434
494,2010
494,348
494,327
494,439
494,3258
494,238
494,494
494,3307
494,3256
494,3235
494,459
494,3159
494,488
494,529
494,284
494,496
494,487
494,383
494,127
494,285
494,357
494,168
494,345
494,446
494,444
494,442
494,2012
494,509
494,536
494,476
523,247
523,486
523,519
523,383
523,3148
523,536
523,509
523,3435
523,3169
523,546
523,345
523,3141
523,507
523,480
523,473
523,454
523,484
523,405
523,161
523,457
523,412
523,472
523,3431
523,3289
523,476
523,167
523,382
523,477
523,533
523,468
523,453
523,168
523,438
523,380
523,3231
247,330
247,453
247,3224
247,212
247,434
247,336
247,328
247,303
247,251
247,279
247,432
247,514
247,2008
247,293
247,382
247,509
247,537
247,276
247,247
247,236
247,426
247,483
247,3158
247,317
247,3178
247,327
247,3436
247,357
247,508
247,497
3255,532
3255,167
3255,212
3255,345
3255,151
3255,439
3255,327
3255,3260
3255,475
3255,127
3255,168
3255,518
3255,3224
3255,2006
3255,482
3255,476
3255,3156
3255,435
3255,497
3255,496
3255,251
3255,434
3255,225
3255,495
3255,3435
3255,527
3255,3158
3255,458
3255,486
3255,511
3255,2003
3255,3255
3255,402
3255,444
3255,348
3255,477
3255,537
3255,236
3255,405
3255,224
3255,284
3255,358
532,416
532,3100
532,241
532,3110
532,356
532,236
532,3435
532,3115
532,311
532,460
532,151
532,312
532,3120
532,495
532,343
532,3074
532,3016
532,350
532,150
532,507
532,315
532,400
532,3088
532,3103
532,161
532,322
532,438
532,487
532,3102
532,147
532,532
532,3058
532,539
532,3082
532,259
532,317
532,3305
532,527
532,361
532,396
532,3093
532,295
532,3265
532,473
532,502
532,401
532,2004
532,3073
532,3108
532,3081
482,442
482,376
482,475
482,518
482,3171
482,3435
482,326
482,491
482,444
482,308
482,519
482,461
482,236
482,252
482,504
482,509
482,336
482,514
482,511
482,217
482,388
482,348
482,229
482,3235
482,497
482,485
482,483
482,470
482,537
482,492
482,3258
482,402
482,2003
482,238
482,3260
482,495
482,503
482,482
482,150
482,3256
482,385
482,285
482,440
482,265
482,312
482,529
3429,270
3429,244
3429,3335
3429,406
3429,365
3429,3100
3429,437
3429,3242
3429,261
3429,399
3429,3064
3429,313
3429,3298
3429,2002
3429,310
3429,3405
3429,3402
3429,384
3429,258
3429,3062
3429,239
3429,323
3429,373
3429,3324
3429,3115
3429,418
3429,3423
3429,3319
3429,289
3429,353
270,361
270,243
270,83
270,323
270,443
270,2000
270,144
270,353
270,392
270,358
473,410
473,243
473,511
473,3427
473,438
473,326
473,473
473,284
473,3349
473,348
473,387
473,460
473,497
473,3368
473,79
473,332
473,3339
473,519
473,529
473,382
473,317
473,2010
473,174
473,421
473,514
473,150
473,2000
473,517
473,485
473,386
473,268
473,83
473,537
410,466
410,3107
410,3080
410,492
410,411
410,3427
410,486
410,282
410,439
410,229
410,497
410,161
410,332
410,410
410,168
410,336
410,3103
410,363
410,3086
410,151
410,470
410,3435
410,433
410,511
410,507
410,291
410,268
410,349
410,224
410,251
410,331
410,2004
410,531
410,496
410,459
410,3372
410,285
410,237
410,279
410,405
410,313
410,212
516,3390
516,519
516,236
516,3367
516,500
516,347
516,3141
516,516
516,536
516,228
516,522
516,3288
516,476
516,518
516,455
516,527
3390,285
3390,3137
3390,3290
3390,3144
3390,3374
3390,3288
3390,3323
3390,3390
3390,3350
3390,3383
3390,3147
3390,385
3390,3400
472,334
472,3238
472,212
472,342
472,488
472,380
472,358
472,446
472,503
472,456
472,434
472,3158
472,529
472,379
472,440
472,517
472,161
472,3264
472,496
472,229
472,3160
472,285
472,348
472,3376
472,505
472,461
472,519
472,492
472,508
472,302
334,439
334,151
334,450
334,536
334,448
334,458
334,3258
334,285
334,147
334,496
334,426
334,380
334,461
334,252
334,328
334,358
334,379
334,334
334,509
334,161
334,251
334,229
334,537
334,459
334,2021
334,540
334,253
334,382
334,3256
334,3260
334,327
334,3427
334,487
3349,3414
3349,3417
3349,343
3349,412
3349,311
3349,3353
3349,3415
3349,3354
3349,143
3349,3364
3349,3377
3349,3423
3349,2002
3349,3304
3349,436
3349,387
3349,406
3349,3349
3349,392
3349,3386
3349,3300
3349,232
3349,3411
3349,3306
3349,3382
3349,3407
3349,3339
3349,3335
3349,217
3349,243
3349,244
3349,3418
3349,258
3349,443
3349,353
3349,373
3349,3373
3349,3058
3349,3361
3349,241
3349,282
3349,365
3349,3358
3349,239
3349,274
3349,83
3349,3410
3349,3303
3349,3246
3349,3416
3349,3242
3414,391
3414,3361
3414,420
3414,3298
3414,3059
3414,3308
3414,296
3414,384
3414,3303
3414,3306
3414,310
3414,430
3414,3404
3414,390
3414,3388
3417,3365
3417,467
3417,3304
3417,3016
3417,3297
3417,3404
3417,395
3417,3402
3417,2003
3417,3396
3417,324
3417,3329
3417,83
3417,274
3417,3397
3417,412
3417,3423
478,236
478,530
478,450
478,490
478,519
478,212
478,529
478,2021
478,168
478,2003
478,545
478,505
478,2023
478,358
478,164
478,2008
478,485
478,488
478,458
478,3400
478,3166
478,3158
478,3167
478,405
478,2006
478,285
478,444
478,280
478,426
478,348
478,326
478,257
478,509
478,238
478,497
478,72
478,546
478,446
478,525
478,500
478,466
478,534
478,447
478,3307
236,527
236,434
236,278
236,470
236,346
236,511
236,536
236,254
236,504
236,3134
236,279
236,487
236,295
236,3435
236,486
236,367
236,435
236,3427
236,161
236,509
236,3431
236,339
236,426
236,461
236,251
236,401
236,151
236,500
236,3162
236,79
236,312
236,3002
236,382
236,147
236,253
236,385
236,350
236,217
236,302
236,400
236,392
236,380
236,361
236,394
236,2012
236,336
236,2003
236,519
236,441
236,2010
236,433
236,325
236,357
236,358
236,537
236,348
236,497
236,252
236,383
236,438
236,444
442,497
442,238
442,3244
442,475
442,476
442,546
442,2021
442,116
442,470
442,488
442,458
442,442
442,525
442,348
442,3431
442,2006
442,320
442,254
442,493
442,3328
442,490
442,3223
442,503
442,533
442,3173
442,3366
442,284
442,405
442,385
442,480
442,477
442,450
442,265
466,487
466,519
466,382
466,527
466,545
466,503
466,2022
466,488
466,496
466,229
466,295
466,326
466,509
466,411
466,3431
466,2003
466,483
466,497
466,466
466,485
466,363
466,3435
466,3258
466,3331
466,237
466,459
466,212
466,3224
466,174
466,492
466,293
466,493
466,3323
466,434
466,511
466,507
466,447
497,514
497,307
497,391
497,454
497,388
497,401
497,326
497,3131
497,511
497,3178
497,257
497,504
497,385
497,167
497,3235
497,509
497,377
497,229
497,168
497,505
497,348
497,346
497,453
497,212
497,336
497,237
497,116
497,545
497,387
497,2003
497,251
497,433
497,284
497,412
497,432
497,361
497,345
497,238
497,461
497,527
497,380
497,311
497,476
497,470
497,508
497,486
497,536
497,151
497,3431
497,127
497,3140
497,537
497,303
497,295
497,492
497,405
497,487
497,435
497,400
497,529
497,293
497,484
497,379
497,507
497,490
497,367
497,174
497,540
497,3244
497,455
343,3101
343,3112
343,295
343,430
343,321
343,3016
343,2000
343,366
343,278
343,282
343,3422
343,243
343,3048
343,312
343,324
475,237
475,446
475,522
475,345
475,168
475,3132
475,305
475,238
475,402
475,229
475,531
475,511
475,2006
475,540
475,537
475,376
475,3427
475,490
475,383
475,3431
475,285
475,3265
475,116
475,302
237,259
237,388
237,540
237,307
237,349
237,400
237,487
237,509
237,459
237,337
237,3041
237,417
237,3312
237,161
237,3224
237,3427
237,168
237,2010
237,363
237,317
237,476
237,379
237,3233
237,536
237,253
237,3256
237,531
237,345
237,320
237,3379
237,3258
237,308
237,527
237,517
237,348
237,151
237,3140
237,545
237,3260
237,402
237,346
237,470
237,342
237,265
237,546
237,340
237,380
237,238
237,350
237,503
237,254
237,224
237,432
237,167
237,116
237,284
237,312
237,518
237,3093
237,383
237,412
237,285
237,446
237,511
237,492
237,441
237,336
3319,364
3319,3306
3319,366
3319,3415
3319,3324
3319,3410
3319,3409
3319,3423
3319,3418
3319,399
3319,3411
3319,298
3319,275
3319,409
3319,3300
364,3047
364,345
364,3249
364,83
364,354
364,324
364,366
364,239
364,397
364,313
3169,3357
3169,3323
3169,514
3169,3137
3169,3166
3169,509
3169,3171
3169,380
3169,426
3169,3173
3169,490
3169,3175
3169,3331
3169,496
3169,3434
3169,525
3169,3159
3169,3169
3169,3285
3169,3350
3169,228
3357,3314
3357,3331
3357,3341
3357,173
3357,3159
3357,3177
3357,3170
3357,3336
3357,128
3357,3168
3357,3357
3357,3374
3147,3135
3147,385
3147,3137
3147,3134
3147,3131
3147,3151
3147,3314
3147,167
3147,3372
3147,2021
3147,3168
3147,3383
3147,3171
3147,3360
3147,3424
3147,3140
3147,3142
3147,3366
3147,3155
3147,3379
3147,3351
3147,305
3147,3282
3147,3355
3147,456
3147,3235
3147,3148
3147,3162
3147,3156
3147,441
3147,3312
3147,3145
3135,3376
3135,3145
3135,454
3135,3284
3135,3134
3135,3118
3135,3294
3135,3155
3135,480
3135,3282
3135,3350
3135,2006
3135,3360
3135,3137
3135,3379
3135,3159
3135,3286
3135,359
3135,3176
3135,3141
389,3073
389,3110
389,3093
389,3096
389,282
389,3115
389,3016
389,3067
389,251
389,398
389,365
389,312
389,120
389,3064
389,433
389,3112
389,434
389,353
3073,365
3073,388
3073,3092
3073,3086
3073,3090
3073,350
3073,437
3073,396
3073,414
3073,3056
3073,3082
3073,471
3161,448
3161,281
3161,529
3161,3295
3161,3178
3161,511
3161,3140
3161,3374
3161,3362
3161,3320
3161,173
3161,3343
3161,486
3161,3166
3161,3158
3161,3168
3161,3283
3161,453
3161,3338
3161,3434
3161,2021
3161,3323
3161,3314
448,326
448,503
448,505
448,537
448,345
448,3171
448,212
448,434
448,195
448,509
448,3260
448,3375
448,446
448,3256
448,459
448,3141
448,3400
448,382
448,402
448,3002
448,450
448,225
448,448
448,461
448,405
448,72
448,264
448,480
448,3435
448,293
448,457
448,435
412,396
412,303
412,400
412,486
412,421
412,144
412,266
412,3101
412,419
412,507
412,336
412,3410
412,265
412,502
412,414
412,151
412,3042
412,2010
412,392
412,3423
412,3339
412,409
412,232
412,394
412,380
412,128
412,406
412,251
412,243
412,3409
412,3386
412,241
412,3016
412,127
412,358
412,483
412,242
412,402
412,3142
412,164
412,3076
412,3329
412,3427
412,2003
412,195
412,461
412,312
412,438
412,308
412,416
412,3041
412,342
412,147
412,324
412,326
412,278
3233,379
3233,3158
3233,3142
3233,3141
3233,3235
3233,3425
3233,359
3233,2006
3233,450
3233,484
3233,495
3233,3375
3233,281
3233,348
3233,486
3233,3374
3233,361
3233,508
3233,492
3233,402
3233,505
3233,527
3233,2023
3233,3113
3233,461
3233,517
3233,167
3233,293
379,325
379,347
379,127
379,507
379,536
379,3166
379,438
379,461
379,345
379,312
379,500
379,455
379,518
379,487
379,146
379,540
379,529
379,284
379,537
379,459
379,3224
379,3137
379,3106
379,2003
379,496
379,2021
379,447
379,426
379,511
379,393
379,361
379,326
379,3427
379,2012
379,382
379,3148
379,3140
379,348
312,82
312,531
312,377
312,340
312,351
312,3256
312,504
312,331
312,128
312,257
312,279
312,307
312,2004
312,382
312,3427
312,3115
312,511
312,505
312,2003
312,536
312,427
312,229
312,161
312,151
312,438
312,3354
312,3305
312,281
312,376
312,3224
312,2009
312,444
312,147
312,406
312,458
312,380
312,326
312,539
312,537
312,296
312,127
312,387
312,348
312,434
312,527
312,3101
312,534
312,293
312,3238
312,328
312,414
312,488
312,514
312,481
312,268
312,426
312,507
312,469
312,3260
312,411
312,3435
312,401
312,3106
312,357
312,360
312,295
312,503
312,3370
312,302
312,291
312,224
312,3131
312,2010
312,502
312,518
82,387
82,323
82,531
82,327
82,340
82,316
82,296
82,259
82,484
82,386
82,382
82,430
82,415
82,3256
82,147
82,351
82,438
82,319
82,360
3243,3140
3243,326
3243,518
3243,3223
3243,3378
3243,3285
3243,440
3243,3360
3243,3372
3243,3141
3243,3126
3243,3129
3243,3320
3243,3336
3243,3137
3243,455
3243,229
3243,3427
3243,2003
3243,3158
3243,456
3243,504
3243,468
308,534
308,259
308,363
308,264
308,385
308,350
308,147
308,3160
308,3421
308,349
308,3002
308,311
308,252
308,408
308,502
308,415
308,400
308,500
308,284
308,304
308,426
308,401
308,530
308,438
308,150
308,405
308,2010
308,3265
308,279
308,224
308,195
308,293
308,388
534,361
534,360
534,128
534,363
534,291
534,264
534,347
534,340
534,3002
534,319
534,195
534,2008
534,238
534,268
534,376
3137,3170
3137,383
3137,3367
3137,3148
3137,228
3137,519
3137,3286
3137,3156
3137,3158
3137,485
3137,388
3137,3160
3137,3132
3137,3142
3137,2006
3137,3374
3137,455
3137,3155
3137,3168
3137,3129
3137,3137
3137,326
3137,3140
3137,2021
3137,468
3137,3282
3137,3372
3137,3141
3137,281
3137,328
3137,500
3137,3320
3137,3178
3137,3288
3137,484
3137,3167
3137,434
3137,454
3137,3438
3137,3175
3170,2006
3170,3378
3170,3160
3170,3307
3170,3167
3170,3159
3170,3370
3170,3158
3170,3301
3170,3320
3170,3336
3170,3295
3170,3238
3170,3350
3170,3343
3170,173
3170,305
3170,459
3170,3168
3170,3323
3170,500
3170,281
3170,3331
3170,3145
3170,3175
3170,3283
3170,3162
3170,367
3343,3350
3343,3383
3343,3360
3343,500
3343,3301
3343,3289
3343,3168
3343,3160
3343,3159
3350,3176
3350,3162
3350,3177
3350,3293
3350,3350
3350,3282
3350,304
3350,2008
3350,514
3350,3320
3350,3285
3350,386
3350,468
3350,2006
3350,3166
3350,3292
3350,252
3350,3160
3350,457
3350,3402
3350,3159
3350,529
3350,3366
3162,3307
3162,3265
3162,3159
3162,3383
3162,3331
3162,3285
3162,3293
3162,530
3162,441
3162,363
3162,480
3162,3176
3162,3162
3162,3132
3162,525
3162,3142
3162,3158
3162,522
3162,305
3162,3160
3162,459
3162,3178
3307,3292
3307,3159
3307,3360
3307,3294
3307,3374
3307,3307
3307,161
3307,3286
3307,3434
3307,3166
3307,3171
3307,508
3354,353
3354,3313
3354,3416
3354,3404
3354,3389
3354,3373
3354,3052
3354,3399
3354,3300
3354,3043
3354,3423
3354,3368
3354,3371
3354,157
3354,3361
3354,3354
3354,3060
3354,3418
3354,258
3354,3358
3354,3232
3354,372
3354,3304
3354,373
3354,396
353,3365
353,3016
353,3310
353,3242
353,143
353,3409
353,120
353,3046
353,3241
353,396
353,310
353,402
353,3423
353,390
353,3368
353,386
3313,443
3313,3340
3313,3382
3416,3403
3416,395
3416,3300
3416,398
3416,3358
3416,3409
3416,3410
3416,3041
3416,3232
3416,3113
3416,3068
3416,391
3416,324
3416,3297
3416,3388
3416,384
3416,3405
3416,3412
3416,373
3416,3416
311,320
311,433
311,311
311,151
311,349
311,302
311,411
311,432
311,3435
311,491
311,265
311,161
311,304
311,539
311,402
311,545
311,3134
311,127
311,3092
311,2004
311,296
311,257
311,3090
311,2002
311,348
311,426
311,380
311,531
311,332
311,285
311,502
311,401
311,3427
311,336
311,3412
311,394
311,485
324,326
324,419
324,3339
324,366
324,399
324,3118
324,3076
324,3056
324,3053
324,275
324,296
324,3112
324,245
324,3016
324,420
324,3246
324,3106
324,244
324,3077
324,3420
324,3322
324,83
326,380
326,507
326,349
326,3260
326,388
326,161
326,322
326,285
326,3435
326,350
326,212
326,3140
326,335
326,455
326,168
326,360
326,491
326,280
326,3086
326,3359
326,401
326,351
326,345
326,511
326,315
326,217
326,382
326,2002
326,253
326,383
326,326
326,2006
326,3372
326,3425
326,496
326,225
326,2008
326,546
326,356
326,411
326,224
326,327
326,393
326,458
326,441
326,545
326,152
326,316
326,519
326,3436
326,402
326,504
326,147
326,488
326,385
326,174
326,444
326,336
326,505
502,350
502,348
502,307
502,519
502,279
502,296
502,504
502,2008
502,317
502,402
502,432
502,242
502,245
502,3256
502,408
502,265
502,361
502,453
502,331
502,455
502,281
502,342
502,332
502,354
502,268
502,387
502,356
502,303
502,405
502,3265
502,151
502,417
502,386
502,401
502,509
502,251
502,511
350,228
350,293
350,3124
350,257
350,3087
350,3427
350,259
350,350
350,2004
350,265
350,174
350,434
350,296
350,161
350,531
350,340
350,225
350,307
350,433
350,3078
350,345
350,151
350,291
350,3016
350,483
350,332
350,408
350,386
350,173
350,3435
350,394
350,3431
350,349
350,3242
350,470
350,325
350,212
416,261
416,3423
416,3382
416,3113
416,436
416,3403
416,3049
416,395
416,3242
174,401
174,438
174,325
174,491
174,518
174,150
174,446
174,340
174,529
174,339
174,444
174,415
174,3142
174,419
174,492
174,2017
174,519
174,174
3168,346
3168,3168
3168,3293
3168,3316
3168,2006
3168,3177
3168,3141
3168,385
3168,3286
3168,3282
3168,3294
3168,3178
3168,3171
3168,3158
3168,305
3168,3341
3168,3400
3168,3374
3168,3145
3168,3223
3168,3367
3168,3292
3168,3320
3168,3159
3168,281
3168,3264
3168,457
3168,3383
3168,514
3168,3175
3168,3360
3168,3157
3168,496
3168,3244
3168,367
3168,3156
3168,3323
3168,3295
346,490
346,3436
346,509
346,488
346,348
346,453
346,426
346,519
346,402
346,3434
346,346
346,72
346,382
346,253
346,309
346,225
346,446
346,293
346,3260
346,361
346,146
346,458
346,254
346,3435
346,280
346,514
346,363
346,285
346,116
346,394
461,439
461,476
461,3359
461,284
461,517
461,385
461,339
461,426
461,432
461,3151
461,496
461,492
461,438
461,2003
461,380
461,3141
461,345
461,229
461,383
461,488
461,435
461,2008
461,254
461,315
461,285
461,3134
461,394
461,444
461,504
461,280
461,347
461,386
461,441
461,3166
461,531
461,461
461,3158
439,441
439,504
439,3435
439,382
439,303
439,2021
439,545
439,393
439,330
439,327
439,405
439,151
439,279
439,527
439,302
439,251
439,295
439,340
439,536
439,3427
439,491
439,456
439,385
439,507
439,3058
439,2012
439,540
439,168
439,427
439,380
439,252
439,285
439,3258
3160,3341
3160,480
3160,3132
3160,3160
3160,3374
3160,3173
3160,3320
3160,2006
3160,2021
3160,281
3160,3282
3160,3295
3160,3140
3160,173
3160,3434
3160,3362
3160,305
3160,3284
3160,3289
3160,3323
3160,3356
3160,3148
3341,3293
3341,3282
3341,3323
3341,3341
3341,2006
3341,3374
3341,3331
398,3396
398,3180
398,414
398,3422
398,391
398,3317
398,398
398,3409
398,3246
398,2000
398,3347
398,395
398,3377
398,323
398,83
398,243
398,3397
398,216
398,217
398,3411
398,3408
398,3344
398,3413
398,3410
398,407
3396,3412
3396,2000
3396,391
3396,3402
3396,3419
3396,3436
3396,3396
3396,3242
509,496
509,383
509,335
509,2021
509,458
509,402
509,3167
509,317
509,509
509,127
509,347
509,508
509,128
509,3436
509,3293
509,260
509,284
509,167
509,3289
509,3372
509,358
509,377
509,426
509,3260
509,280
509,507
509,2008
509,514
509,252
509,3157
509,3256
509,446
509,405
509,518
509,3171
509,168
509,328
509,503
509,285
509,3331
509,238
509,380
509,447
509,116
509,348
509,3244
509,457
509,3314
509,533
509,3159
509,72
509,488
509,495
509,444
366,243
366,409
366,120
366,384
366,3402
366,323
366,3358
366,3440
366,217
366,392
366,3103
366,3298
366,3016
366,390
366,3111
366,3339
366,3242
366,365
243,3049
243,358
243,261
243,3310
243,3047
243,275
243,243
243,217
243,120
376,382
376,151
376,459
376,320
376,257
376,147
376,377
376,327
376,433
376,408
376,152
376,527
143,430
143,414
143,3344
143,387
143,420
143,3315
143,313
143,3407
143,395
143,3397
143,3409
143,3339
143,217
143,3411
143,3403
143,347
430,354
430,3094
430,3373
430,217
430,419
430,251
430,3077
430,282
430,245
430,3180
430,3353
430,3395
430,3348
430,310
430,3411
430,144
430,261
430,258
430,3321
430,265
430,3113
224,265
224,3427
224,340
224,276
224,302
224,531
224,319
224,152
224,279
224,225
224,348
224,232
224,116
224,224
224,217
224,147
224,3260
224,337
224,296
224,536
224,426
224,195
224,259
224,251
224,363
224,321
224,527
224,278
224,2009
224,128
265,281
265,307
265,332
265,296
265,485
265,394
265,444
265,487
265,3376
265,128
265,285
265,380
265,536
265,383
265,356
265,433
265,408
265,382
265,501
265,319
265,345
265,488
265,340
265,3364
265,254
265,3397
265,3078
265,266
265,387
265,3117
265,358
265,295
265,150
265,426
265,405
265,257
265,527
265,517
265,432
265,391
265,330
265,331
265,411
265,460
265,252
265,504
265,268
265,284
265,317
265,161
265,347
522,3288
522,453
522,2004
522,359
522,3142
522,529
522,349
522,468
522,167
522,485
522,325
522,2006
522,454
522,457
3288,3145
3288,3372
3288,3290
3288,3309
3288,3374
3288,3425
3288,3144
3288,3142
3288,3141
383,3155
383,229
383,490
383,408
383,426
383,3435
383,470
383,2010
383,383
383,295
383,405
383,296
383,3224
383,434
383,72
383,293
383,508
383,545
383,238
383,438
383,3427
383,380
383,2008
383,147
383,161
383,487
383,339
383,345
383,302
3155,3142
3155,3148
3155,3286
3155,3355
3155,492
3155,157
3155,3145
3155,3282
3155,3362
3155,2021
3155,3140
3155,477
3155,3372
419,295
419,507
419,3180
419,323
419,3373
419,390
419,296
519,305
519,480
519,531
519,529
519,228
519,483
519,72
519,3224
519,3132
519,335
519,3131
519,3141
519,487
519,3374
519,388
519,281
519,2006
519,3167
519,3140
519,527
519,514
519,279
519,303
519,2021
519,485
519,432
519,3431
519,422
519,411
519,3158
519,367
519,150
519,491
519,477
519,252
519,517
519,405
519,296
519,546
519,507
519,454
519,387
519,325
519,447
519,492
545,483
545,486
545,361
545,402
545,315
545,332
545,249
545,491
545,432
545,2010
545,348
545,279
545,496
545,537
545,545
545,3231
545,351
545,3002
545,3264
545,316
545,485
545,455
545,168
545,459
545,444
545,435
545,495
545,476
545,331
545,252
483,388
483,394
483,3301
483,380
483,3041
483,3176
483,336
483,253
483,307
483,411
483,161
483,285
483,151
483,3435
483,435
483,345
483,259
483,3427
483,228
483,402
483,252
483,434
483,393
483,348
483,317
483,426
483,540
483,2012
483,432
483,487
483,433
483,147
483,264
146,363
146,161
146,358
146,276
146,268
146,438
146,387
146,2008
146,380
146,264
146,514
146,426
146,2004
146,3256
146,327
146,447
146,2010
146,251
146,361
363,387
363,249
363,438
363,327
363,254
363,147
363,514
363,427
363,363
363,485
363,3256
363,530
363,319
363,3002
363,328
363,268
363,322
363,459
363,3224
363,393
363,525
363,3435
363,411
363,309
363,3436
363,212
363,238
363,435
363,358
363,3331
363,284
363,337
363,316
363,351
363,291
363,2010
363,260
3423,3060
3423,3365
3423,3300
3423,3322
3423,3358
3423,3423
3423,3404
3423,3317
3423,3377
3423,3368
3423,384
3423,467
3423,3002
3423,274
3423,258
3423,3418
3423,372
3423,3339
3423,3304
3423,3088
3423,3405
3060,3052
3060,3087
3060,83
3060,3044
3060,3064
3060,3047
3060,3249
3060,289
3118,261
3118,3106
3118,3070
3118,3142
3118,3237
3118,3107
3118,3119
3118,3111
3118,393
3118,3108
3118,3124
3118,3016
3118,3120
3118,3125
3118,3122
3118,3086
259,386
259,328
259,317
259,487
259,332
259,2009
259,3002
259,427
259,319
259,340
259,279
259,3256
259,356
259,327
259,268
259,331
259,408
441,518
441,2006
441,3312
441,2021
441,3374
441,281
441,3141
441,3231
441,527
441,505
441,468
441,3355
441,3106
441,529
441,434
441,3132
441,3286
441,2003
441,3431
441,457
441,2002
441,3378
441,3157
441,285
441,3370
441,173
441,3323
3366,3323
3366,3159
3366,3293
3366,459
3366,3328
3366,3177
3366,3309
3366,358
3366,3301
3366,3374
3366,3171
3366,514
3323,3314
3323,3374
3323,3282
3323,3293
3323,450
3323,3400
3323,3159
3323,3178
3323,228
3323,444
3323,3177
3323,457
3323,3223
3323,3002
3323,447
385,264
385,3372
385,2006
385,3171
385,485
385,3305
385,3140
385,3238
385,450
385,500
385,2021
385,504
385,3141
385,151
385,3360
385,2017
385,527
385,3142
385,456
385,3167
3131,3370
3131,3438
3131,3286
3131,2023
3131,3372
3131,3145
3131,401
484,168
484,537
484,492
484,484
484,438
484,3375
484,128
484,496
484,3223
484,444
484,367
484,503
484,402
484,457
484,3236
484,2021
484,3383
484,164
484,529
484,518
168,285
168,487
168,325
168,507
168,492
168,433
168,302
168,161
168,328
168,438
168,540
168,394
168,527
168,377
168,459
168,357
168,3224
168,480
168,453
168,212
168,458
168,3141
168,3148
168,3260
168,405
168,446
168,504
168,380
168,434
168,303
168,505
168,426
168,281
168,2003
168,432
285,394
285,393
285,127
285,527
285,446
285,3260
285,470
285,327
285,161
285,335
285,459
285,2003
285,405
285,2023
285,3431
285,455
285,438
285,3167
285,511
285,296
285,433
285,3427
285,3435
285,284
285,487
285,195
285,3151
285,496
285,505
285,356
285,3177
285,361
285,317
285,517
285,411
285,444
285,507
285,530
285,302
285,291
285,2004
285,128
285,151
285,303
285,116
285,546
285,2010
285,147
285,504
285,432
285,503
285,251
285,380
285,387
285,358
285,434
285,476
285,540
285,435
476,393
476,2003
476,340
476,446
476,358
476,505
476,228
476,279
476,3140
476,394
476,432
476,382
476,495
476,251
476,492
476,3431
476,444
476,486
476,303
476,454
476,450
476,253
476,529
476,2021
476,476
476,503
476,401
476,508
476,457
476,325
394,293
394,284
394,2002
394,349
394,260
394,536
394,295
394,341
394,504
394,380
394,3002
394,161
394,3435
394,252
394,304
394,3260
394,332
394,487
394,357
394,291
394,309
394,307
394,116
394,345
394,3244
394,3265
394,3177
394,147
394,471
394,450
3264,3140
3264,3175
3264,492
3264,281
3264,490
3264,3167
3264,3148
3140,3142
3140,3150
3140,536
3140,3224
3140,167
3140,2004
3140,527
3140,3231
3140,3312
3140,2022
3140,3282
3140,402
3140,3141
3140,485
3140,3285
3140,440
3140,281
3140,3284
3140,229
3140,164
3140,3134
3140,477
3140,2003
3140,3151
3140,3305
3140,225
3140,454
3140,496
3140,3360
3140,3290
3297,3401
3297,3364
3297,3317
3297,3415
3297,3419
3297,3306
3297,3333
3297,3335
3401,3311
3401,3365
426,459
426,249
426,495
426,128
426,514
426,470
426,444
426,405
426,422
426,525
426,303
426,127
426,295
426,387
426,291
426,358
426,293
426,496
426,468
426,2008
426,3175
426,3002
426,3435
426,238
426,427
426,2010
426,332
426,284
426,458
426,252
426,453
426,3258
426,3256
426,72
426,446
426,304
426,393
426,3167
426,3166
426,426
426,225
426,3436
426,455
426,3324
426,161
426,328
426,508
426,257
426,480
426,327
426,415
426,251
426,488
3339,392
3339,3317
3339,3409
3339,289
3339,3419
3339,467
3339,3339
3339,3093
396,3058
396,3317
396,3074
396,3221
396,3072
396,3440
396,241
396,344
396,3232
396,3046
396,3043
396,3080
396,384
396,3346
261,217
261,241
261,392
261,3303
261,3016
261,3116
261,242
261,3117
261,3246
261,3180
261,3224
261,310
261,527
261,3103
261,261
261,322
261,296
261,3232
328,195
328,3256
328,411
328,458
328,361
328,496
328,508
328,3435
328,293
328,328
328,2008
328,260
328,351
328,514
328,327
328,405
328,150
328,3427
328,212
328,151
328,358
328,147
328,415
328,380
328,345
328,309
195,307
195,391
195,357
195,304
195,432
195,225
195,327
195,2008
195,492
195,377
195,147
195,3436
195,392
195,303
195,150
195,348
195,488
488,345
488,325
488,444
488,3132
488,491
488,3175
488,293
488,2006
488,3383
488,488
488,3320
488,405
488,435
488,382
488,434
488,167
488,527
488,459
488,253
488,281
488,388
488,2004
488,505
488,495
488,470
488,349
488,3435
488,2012
488,3158
488,446
488,518
488,2021
488,358
284,508
284,503
284,458
284,161
284,296
284,433
284,128
284,432
284,293
284,336
284,325
284,358
284,492
284,530
284,167
284,388
284,3258
284,279
284,529
284,470
284,3256
284,434
284,2008
284,3158
284,345
284,459
284,435
284,417
284,514
284,3331
284,3224
284,127
284,276
284,3427
284,3173
284,151
284,495
284,480
284,252
284,446
284,382
284,3435
284,307
284,3002
284,507
284,302
508,293
508,3167
508,434
508,440
508,531
508,72
508,3159
508,225
508,459
508,529
508,457
508,3284
508,514
508,3360
508,2006
508,3141
508,405
508,3282
508,3166
508,2021
508,485
508,358
508,3176
508,249
508,127
508,335
517,507
517,3223
517,490
517,3067
517,525
517,3376
507,505
507,486
507,511
507,2006
507,361
507,531
507,2012
507,500
507,504
507,339
507,317
507,402
507,453
507,432
507,435
507,492
507,405
507,296
507,382
507,291
507,444
507,358
507,493
507,490
507,3142
507,3177
507,3141
507,229
507,340
507,3431
507,487
305,490
305,454
305,3159
305,3238
305,3435
305,3286
305,444
305,3142
305,456
305,3282
305,2012
305,164
305,228
305,493
305,492
305,3144
305,3141
305,536
305,503
305,457
305,3285
305,450
305,468
305,470
238,496
238,3002
238,3178
238,264
238,405
238,251
238,212
238,3260
238,325
238,245
238,361
238,459
238,3434
238,3256
238,147
238,417
238,252
238,293
238,3265
238,2008
238,268
238,3129
238,280
238,446
496,257
496,470
496,388
496,487
496,335
496,485
496,79
496,225
496,3427
496,358
496,116
496,491
496,252
496,3235
496,444
496,458
496,459
496,229
496,493
496,3080
496,309
496,527
496,486
496,2004
496,380
496,453
496,469
496,325
496,268
496,405
496,2003
496,505
496,330
293,79
293,380
293,291
293,435
293,152
293,3427
293,150
293,540
293,128
293,511
293,252
293,3092
293,495
293,518
293,2003
293,296
293,3224
293,470
293,331
293,293
293,427
293,254
293,345
293,251
293,446
293,433
293,317
293,229
293,505
293,268
293,266
167,433
167,2021
167,2010
167,2006
167,302
167,3374
167,348
167,3145
167,444
167,536
167,3360
167,3223
167,382
167,447
167,492
3158,72
3158,490
3158,3289
3158,3434
3158,3293
3158,3177
3158,3166
3158,2017
3158,173
3158,3142
3158,3320
3158,3309
3158,3372
3158,281
3158,505
3158,469
3158,3355
3158,529
3158,3173
3158,456
3158,457
3158,3295
3158,3176
3158,3171
3158,495
3223,3320
3223,3231
3223,3175
3223,3142
3223,3141
3223,3370
3223,3400
3223,361
3223,2006
3223,2023
3223,3285
3223,440
3223,3375
3223,173
3223,3002
3434,3167
3434,3159
3434,3285
3434,3434
3434,514
3434,490
3285,3159
3285,3175
3285,3359
3285,3383
3285,525
3285,3316
3285,3167
3285,469
3285,3331
3285,3148
3285,438
3285,3231
3285,3292
3285,3157
3285,468
3285,518
3285,3156
3285,173
3285,3171
514,3256
514,264
514,3383
514,225
514,2004
514,3224
514,458
514,251
514,3328
514,72
514,2003
514,514
514,3145
514,3331
514,3166
514,434
514,212
514,3236
514,388
514,405
514,3178
514,317
514,347
514,3159
514,459
514,527
514,3316
514,417
514,357
514,3173
514,457
514,3301
514,2008
514,309
514,447
514,491
514,3427
514,393
514,3171
514,327
514,387
514,477
514,3374
514,345
514,505
309,450
309,304
309,295
309,417
309,322
309,347
309,405
309,387
309,358
309,459
309,435
309,2008
309,2004
309,3002
309,402
309,251
309,249
309,3436
309,2010
309,3409
309,217
309,260
309,361
3086,2002
3086,471
3086,481
3086,539
3086,3100
3086,3102
3086,3106
3086,3086
3086,3016
3086,144
3086,3046
3086,3050
2002,3077
2002,344
2002,3083
2002,276
2002,3078
2002,3088
2002,450
2002,278
2002,3074
2002,3430
2002,313
2002,321
2002,3112
2002,120
2002,3122
2002,539
2002,377
2002,274
2002,3076
2002,3080
2002,3087
2002,3075
3002,3256
3002,257
3002,327
3002,2010
3002,382
3002,360
3002,249
3002,3002
3002,315
3002,316
3002,3435
3002,212
3002,417
3002,361
3002,405
3002,358
3002,438
3002,377
3002,458
3002,427
3002,459
3002,320
3002,268
3002,3436
3002,296
3002,303
3002,251
3002,152
3002,387
3002,3071
3002,3431
3002,304
3002,276
228,3289
228,164
228,527
228,3141
228,531
228,3159
228,251
228,529
228,456
228,3435
393,401
393,2021
393,161
393,3435
393,492
393,435
393,3431
393,128
393,3047
393,229
393,3427
393,531
3316,3400
3316,3289
3316,358
3316,438
3316,3175
3316,3167
3316,3142
3316,3374
405,358
405,3166
405,316
405,529
405,380
405,291
405,327
405,252
405,480
405,2008
405,212
405,3224
405,495
405,470
405,253
405,503
405,307
405,388
405,435
405,427
405,79
405,525
405,151
405,417
405,453
405,3256
405,530
405,335
405,2004
405,490
405,531
405,72
405,164
405,3260
358,438
358,3383
358,316
358,415
358,147
358,450
358,459
358,3244
358,3260
358,2017
358,358
358,3166
358,2008
358,280
358,2004
358,505
358,330
358,268
358,3256
358,377
358,327
358,349
358,116
358,536
358,161
358,432
358,387
358,212
358,525
358,315
358,150
358,151
358,435
358,382
358,249
358,254
358,453
358,3427
358,335
358,3436
358,433
470,164
470,380
470,388
470,433
470,438
470,2012
470,252
470,3256
470,3167
470,345
470,303
470,457
470,2003
470,336
470,470
470,477
470,529
470,450
470,382
470,490
470,540
470,504
470,3435
470,253
470,280
164,438
164,3142
164,540
164,3129
164,505
164,402
164,229
164,456
3289,3283
3289,422
3289,3374
3289,457
3289,3367
3289,3178
3289,380
3289,3360
3289,3159
3289,3175
3289,3156
3081,307
3081,3112
3081,3115
3081,3093
3081,3090
3081,3081
3081,3068
3081,3048
3081,539
3081,3108
3081,3096
307,151
307,387
307,3431
307,348
307,279
307,2003
307,325
307,251
307,307
307,356
307,264
307,400
307,339
307,377
307,342
307,341
307,504
307,360
307,316
307,337
307,3115
307,296
307,380
307,3410
307,3435
307,453
307,332
307,435
307,361
307,303
307,3244
307,257
307,331
307,3412
307,432
307,3077
307,319
307,492
3100,3016
3100,3093
3100,3090
3100,481
3100,3110
3100,539
3100,3113
331,116
331,539
331,303
331,340
331,536
331,304
331,279
331,331
331,427
331,327
331,316
331,3244
331,415
331,361
331,401
331,438
331,332
525,3383
525,347
525,3427
525,2008
525,2021
525,446
525,536
525,303
525,380
525,3167
525,490
525,72
525,458
525,459
525,530
525,152
525,322
525,382
3383,3283
3383,3400
3383,3295
3383,3320
3383,3331
3383,72
3383,3314
3383,3367
3383,3293
3383,3167
3383,3360
3383,3178
3383,3173
3383,3374
3383,3301
3383,3175
3383,3166
3383,3177
3383,3171
330,3402
330,3144
330,3052
330,3224
330,322
330,402
330,327
330,302
330,3427
330,264
330,330
330,2003
330,380
330,340
382,317
382,336
382,504
382,3224
382,527
382,212
382,434
382,540
382,2004
382,348
382,151
382,433
382,2009
382,128
382,435
382,487
382,453
382,161
382,3244
382,3427
382,2003
382,537
382,380
382,229
382,402
382,382
382,3260
382,492
382,432
382,491
382,388
382,2010
382,490
382,511
317,336
317,3224
317,536
317,527
317,504
317,3427
317,327
317,408
317,317
317,2021
317,539
317,229
317,361
317,3435
317,161
317,2003
317,531
317,2012
317,325
317,518
3311,406
3311,3180
3311,3402
3311,216
3311,3348
3311,3410
3311,322
3311,3353
490,540
490,212
490,2021
490,450
490,527
490,530
490,147
490,529
490,3260
490,2006
490,3151
490,3224
490,495
490,268
490,72
490,490
490,546
490,3400
490,3435
490,444
490,458
490,264
490,459
490,468
490,345
490,480
490,447
490,453
490,3438
490,3258
490,3132
540,3260
540,3132
540,229
540,450
540,3362
540,2006
540,349
540,3427
540,435
540,504
540,529
540,540
540,3134
540,128
540,151
540,533
540,453
540,444
540,536
540,281
540,336
540,518
540,3338
540,280
540,446
217,249
217,276
217,239
217,3303
217,321
217,467
217,348
217,3418
217,3435
217,216
217,3422
217,3085
217,3308
217,3180
217,387
217,3392
217,217
217,242
217,157
217,3440
217,3315
217,144
217,3076
217,3353
217,3077
217,3057
217,3427
217,390
217,322
217,3256
414,3392
414,3430
414,407
414,3103
414,3180
3093,3087
3093,460
3093,3241
3093,3107
3093,432
3093,313
3093,3119
3093,3110
3093,3122
3093,268
3093,2000
3093,3102
3093,3115
3093,3124
3093,3111
3093,282
3093,325
3093,3106
3093,3074
3093,349
3093,492
3093,3112
3093,3093
3093,3129
3087,3064
3087,3102
3087,3095
3087,3107
3087,3061
3087,3043
3087,471
3087,258
3087,3090
3087,3108
3087,3077
3087,3016
3087,144
3087,481
340,302
340,3435
340,266
340,291
340,351
340,3413
340,337
340,361
340,455
340,295
340,3265
340,2009
340,408
340,539
340,161
388,444
388,212
388,3175
388,127
388,3224
388,257
388,3177
388,434
388,3258
388,254
388,72
388,2004
388,495
388,327
388,161
388,477
388,500
388,3295
388,446
388,380
388,3256
388,3260
444,450
444,3427
444,266
444,3132
444,377
444,411
444,161
444,2006
444,151
444,2022
444,325
444,252
444,459
444,336
444,225
444,433
444,3295
444,2003
444,505
444,3258
444,435
444,480
444,487
444,268
444,546
444,455
444,533
444,212
444,495
444,458
444,3244
444,229
444,530
444,438
241,390
241,3364
241,3413
241,436
241,354
241,3232
241,3101
241,3329
3283,495
3283,173
3283,3294
3283,3159
387,3256
387,151
387,408
387,3260
387,3388
387,3365
387,321
387,341
387,3232
387,3440
387,3427
387,232
387,387
387,322
387,3246
387,3103
387,3242
387,3282
387,361
387,225
387,406
387,264
387,2000
387,144
387,216
387,386
387,417
387,380
387,2008
387,316
387,83
387,257
387,268
387,3159
387,503
387,392
387,295
387,249
387,3286
387,147
387,391
387,251
387,505
3256,161
3256,212
3256,327
3256,147
3256,3167
3256,459
3256,2008
3256,435
3256,252
3256,446
3256,304
3256,276
3256,3293
3256,458
3256,225
3256,245
3256,3173
3256,72
3256,453
3256,417
3256,433
3256,319
3256,79
3256,2004
3256,531
151,345
151,417
151,504
151,487
151,2005
151,302
151,128
151,320
151,322
151,361
151,161
151,336
151,279
151,402
151,249
151,3125
151,409
151,3409
151,491
151,150
151,432
151,401
151,342
151,3103
151,2010
151,356
151,3378
151,3431
151,2003
151,335
151,3260
151,500
151,3298
151,280
151,3078
151,327
3142,3351
3142,438
3142,3305
3142,3129
3142,492
3142,3151
3142,3372
3142,2022
3142,454
3142,518
3142,3132
3142,3150
3142,3156
3142,500
3142,281
3142,3144
3142,3282
3142,3103
3142,359
3142,455
3142,536
3142,3148
3142,435
3142,2012
3142,3400
3142,3290
3142,3427
3142,457
3142,529
3142,468
527,487
527,3141
527,2003
527,527
527,454
527,150
527,504
527,486
527,503
527,500
527,348
527,468
527,435
527,492
527,249
527,2023
527,380
527,446
527,418
527,456
491,504
491,438
491,3175
491,2004
491,252
491,433
491,432
491,511
491,161
491,487
491,417
491,3171
491,3224
491,325
491,345
491,2003
491,453
491,402
491,457
491,3236
491,339
491,477
504,531
504,150
504,3362
504,402
504,302
504,546
504,503
504,380
504,435
504,486
504,2012
504,536
504,251
504,252
504,511
504,351
504,345
504,518
504,453
504,254
504,147
504,537
504,504
504,454
450,459
450,3362
450,281
450,446
450,3167
450,3305
450,225
450,450
450,72
450,3132
450,348
450,453
450,3370
450,3171
450,529
450,3356
450,434
450,457
450,2004
450,2017
450,492
450,530
450,458
450,401
450,332
459,446
459,249
459,345
459,486
459,2008
459,147
459,435
459,402
459,3173
459,3301
459,72
459,380
459,495
459,251
459,480
459,503
459,276
459,530
459,3260
459,212
348,320
348,152
348,380
348,251
348,253
348,3244
348,402
348,434
348,401
348,252
348,260
348,3224
348,495
348,3292
348,147
348,505
348,268
348,276
348,249
348,3436
348,432
348,435
348,536
348,2023
3286,3400
3286,3167
3286,3374
3286,3336
3286,3367
3286,3438
3286,3370
3286,2006
3286,3425
3125,3116
3125,3241
3125,3141
3125,3115
3125,3120
3125,3112
3125,3113
3116,3421
3116,3016
3116,245
3116,3090
3116,471
3116,3119
3116,3092
3116,3116
3116,3128
3116,3110
3116,3101
3360,3167
3360,440
3360,3295
3360,2021
3360,3156
3360,72
3360,3374
3360,3134
3360,3282
3360,3328
3360,3301
3360,457
3360,3159
3360,3173
3360,3177
3360,3175
3360,2004
3360,3314
3107,3016
3107,3068
3107,3117
3107,3058
3107,460
3107,539
3107,3095
3107,409
3107,3376
3107,3115
3107,3092
3107,3072
3107,3077
3107,481
3107,3106
3107,3085
3107,3082
401,342
401,291
401,392
401,438
401,3431
401,264
401,420
401,2017
401,2021
401,3078
401,260
401,3435
401,252
401,434
401,3427
401,411
401,313
401,345
401,531
401,3064
401,339
401,432
401,279
401,3054
401,401
401,2012
401,161
401,128
3047,344
3047,3094
3047,3399
344,3103
344,3046
344,3068
344,3041
344,3112
344,399
344,3052
344,365
344,373
344,3057
344,275
344,244
344,2010
344,3082
3101,3110
3101,3108
3101,295
3101,313
3101,3077
3101,3115
3101,3082
531,438
531,432
531,3427
531,411
531,319
531,345
531,2012
531,342
531,144
531,481
531,302
531,341
531,427
531,279
531,229
531,349
531,417
531,274
531,486
531,266
531,503
531,332
531,257
531,268
531,291
157,3326
157,391
157,395
157,2010
157,232
157,3332
157,3348
157,3388
157,397
157,3409
157,3321
157,3411
157,3053
157,3300
157,216
157,3232
157,322
157,503
3326,417
3326,3300
3328,3314
3328,3171
3328,3374
3328,3362
3328,3305
3328,3293
3328,3302
3328,3424
3328,3284
3328,3400
3328,3282
3314,3145
3314,3375
3314,3301
3314,3151
3314,3314
3314,3295
3314,3331
3314,3159
3314,3173
3314,3167
438,433
438,3078
438,361
438,438
438,455
438,3016
438,161
438,3431
438,432
438,319
438,456
438,402
438,336
438,3435
438,505
438,435
438,302
438,3427
438,304
438,3103
438,518
438,2003
438,173
438,2022
438,254
438,251
438,380
3376,518
3376,3134
3376,3355
3376,3156
3376,3294
3376,3159
3376,511
3376,446
3376,3167
3376,281
72,536
72,72
72,3258
72,495
72,2006
72,3166
72,225
72,505
72,458
72,3171
72,347
72,447
3224,229
3224,537
3224,252
3224,505
3224,161
3224,316
3224,116
3224,3331
3224,480
3224,486
3224,402
3224,477
3224,435
3224,303
3224,3041
3224,3435
3224,380
229,302
229,503
229,127
229,417
229,295
229,2008
229,356
229,79
229,342
229,3435
229,511
229,361
229,433
229,304
229,505
229,432
229,380
229,150
127,3134
127,349
127,322
127,254
127,128
127,3427
127,435
127,2004
127,3305
127,446
127,249
127,347
127,3400
127,276
127,486
127,291
354,3052
354,384
354,3042
354,244
354,354
354,262
354,3335
354,3117
354,365
354,356
354,455
354,3103
354,3364
3052,83
3052,3241
3052,3042
3052,3055
3052,373
3052,3083
3368,3412
3368,3377
3368,3365
3368,467
3368,3242
3368,323
3368,384
3368,3368
3368,3373
3368,3404
3368,3364
3368,3358
3368,274
3368,3415
3412,3412
3412,258
3412,3016
3412,144
3356,3178
3356,2021
3356,468
3356,3176
503,2004
503,518
503,281
503,435
503,511
503,345
503,456
503,486
503,487
503,453
503,495
503,2003
503,3235
503,2023
503,485
503,402
503,446
503,434
391,3371
391,83
391,323
391,3062
391,3342
391,3308
391,296
391,3103
391,3382
391,3353
391,395
391,3315
391,3420
453,251
453,402
453,2021
453,495
453,319
453,128
453,212
453,458
453,493
453,79
453,315
453,2008
453,345
453,3236
453,304
453,336
453,380
453,147
453,3427
453,3260
453,268
453,447
453,492
251,116
251,361
251,480
251,291
251,279
251,152
251,147
251,347
251,537
251,3435
251,432
251,249
251,487
251,161
251,3378
251,342
251,316
251,349
251,3436
251,253
251,539
251,3260
251,150
251,546
251,3244
251,495
251,3427
251,400
251,415
251,251
251,386
254,487
254,486
254,2003
254,345
254,253
254,511
254,2004
254,434
254,402
254,2010
254,147
254,2021
254,505
254,342
254,380
254,2008
254,533
487,150
487,435
487,501
487,332
487,537
487,367
487,2008
487,315
487,433
487,500
487,3265
487,380
487,402
487,487
487,356
487,432
212,161
212,116
212,3236
212,380
212,296
212,351
212,435
212,249
212,252
212,319
212,3265
212,280
212,432
212,446
212,3258
212,316
212,458
3336,3424
3336,3400
3336,3145
3336,3295
3336,3367
3336,3292
3336,3148
3336,3336
3336,3362
3336,3178
480,2021
480,161
480,3175
480,536
480,3236
480,3173
480,3362
480,2006
480,530
480,2022
480,3159
480,505
480,3171
480,492
480,173
3322,373
3322,3347
3322,406
3322,3303
373,436
373,3085
373,399
373,275
373,3058
433,319
433,2021
433,349
433,161
433,253
433,342
433,411
433,518
433,128
433,345
433,3148
433,3435
433,356
433,2003
433,501
433,400
433,402
433,408
433,454
433,268
433,432
433,3427
433,150
433,325
433,3244
433,116
3365,275
3365,3397
3365,3373
3365,3310
3365,3055
3132,485
3132,2003
3132,3400
3132,3129
3132,3166
3132,454
3132,469
3132,457
3132,3156
3132,359
3132,492
377,345
377,2009
377,152
377,505
377,2008
377,402
377,3260
377,417
377,537
377,252
377,268
365,278
365,481
365,3041
365,120
365,3048
365,310
365,313
3176,495
3176,3176
3176,3178
3176,2004
3176,3167
3176,447
3176,3171
3176,3177
3176,3231
3176,457
3176,3375
3362,3362
3362,2006
3362,3320
3362,3295
3362,468
3362,2022
3362,469
3362,3159
3362,3175
3295,3374
3295,492
3295,3171
3295,3145
3295,3167
3295,3293
3295,3367
3295,3282
3295,3295
3295,2006
3295,79
3295,468
3295,281
3295,447
3295,3320
384,3364
384,3088
384,3303
384,3418
384,244
384,3246
384,539
384,313
384,3055
384,420
384,3413
384,481
384,83
384,3308
384,3241
384,3409
384,3050
3400,2006
3400,3148
3400,3374
3400,3309
3400,3338
3400,345
2022,2006
2022,3282
2022,281
2022,3237
2022,3151
2022,456
2022,3141
2022,493
2022,3359
2022,530
2022,3129
2022,536
511,161
511,2023
511,349
511,536
511,408
511,356
511,342
511,3260
511,279
511,402
511,3265
511,454
511,3141
511,486
511,128
511,432
511,335
3293,3159
3293,422
3293,3171
3293,3302
3293,3177
3293,3175
3293,3282
3167,3238
3167,422
3167,3374
3167,335
3167,3159
3167,530
3167,3177
3167,3244
3167,417
3167,3178
3167,3301
3167,3145
3167,3167
3167,359
3167,3171
3167,3175
3167,3292
505,3171
505,3134
505,3374
505,2006
505,336
505,3173
505,495
505,440
505,280
505,3431
505,359
505,3175
505,3236
505,2009
505,3375
505,529
505,457
505,3435
505,2012
505,446
505,345
505,477
505,3129
505,402
505,469
505,434
505,281
505,367
3112,3108
3112,3102
3112,539
3112,3082
3112,282
3112,3096
3112,3117
3112,3016
3112,3126
3112,3091
3112,3236
3112,3092
3112,3085
3108,3083
3108,539
3108,3090
3108,3092
3108,3016
536,2008
536,434
536,492
536,2003
536,485
536,3258
536,3129
536,455
536,325
536,3305
536,537
536,268
536,435
536,432
2008,2008
2008,150
2008,386
2008,2009
2008,411
2008,337
2008,327
2008,427
2008,147
2008,446
2008,458
2008,3173
2008,351
2008,303
2008,296
2008,435
2008,276
2008,257
2008,79
2008,315
2008,3436
2008,3258
2008,225
2008,347
2008,279
2008,304
2008,280
2021,319
2021,3258
2021,281
2021,3235
2021,518
2021,2006
2021,458
2021,435
2021,457
2021,446
2021,116
2021,477
2021,492
2021,529
2021,434
2021,3175
2021,2017
3367,3290
3367,281
3367,3374
3367,2006
3367,3294
3367,3363
3367,3367
3367,3338
3367,457
291,3435
291,296
291,291
291,402
291,427
291,268
291,455
291,332
291,315
291,295
3260,380
3260,3435
3260,434
3260,2004
3260,304
3260,361
3260,3258
3260,485
3260,3260
3260,128
529,3175
529,3235
529,530
529,3378
529,2006
529,468
529,457
529,3171
529,485
529,296
529,477
529,486
529,447
3166,3178
3166,3141
3166,3331
3166,3166
3166,456
3166,3258
3166,225
3166,3171
3166,3177
342,361
342,3435
342,2009
342,342
342,336
342,2006
342,351
342,295
342,296
342,408
325,3364
325,302
325,361
325,446
325,402
325,252
325,3145
325,434
325,432
325,3391
325,518
325,2003
325,128
3364,3306
3364,3348
3364,3398
3364,467
3364,3411
3364,3418
281,3309
281,3387
281,3175
281,530
281,3374
281,3171
281,281
281,3438
281,3294
281,3129
281,455
281,3292
281,2006
281,361
281,422
281,485
281,3244
281,457
281,3141
281,3427
281,500
281,3151
281,173
281,469
281,402
281,446
281,477
281,3290
3309,3156
3309,3387
3309,3148
3309,3284
3309,3177
3309,3351
3309,3345
3309,3157
3109,3092
3109,409
3109,3078
3109,3085
3092,3092
3092,397
3092,3114
3092,3117
3092,3115
3092,481
3092,3106
3092,144
3092,3110
3092,3077
361,486
361,152
361,435
361,361
361,268
361,345
361,332
361,349
361,3300
361,458
361,147
361,455
361,279
361,3386
361,278
361,546
361,302
361,359
486,380
486,2012
486,486
486,280
486,3171
486,457
486,434
486,492
402,161
402,339
402,304
402,3238
402,386
402,495
402,2003
402,345
402,3427
402,458
402,253
402,435
402,402
402,417
402,357
402,457
402,446
402,173
402,447
402,356
402,152
380,3435
380,435
380,3242
380,3171
380,434
380,458
380,446
380,345
380,3427
380,3077
380,252
380,3436
380,485
380,316
380,116
380,460
380,278
3148,3141
3148,3145
3148,422
3148,3150
3148,454
3148,3282
3148,3151
3148,518
3148,3156
3148,3372
3148,3148
3148,3378
3148,3351
408,3110
408,147
408,323
408,3427
408,341
408,264
3091,3016
3091,3074
3091,539
3091,3119
3091,120
3091,3085
3091,3096
3091,3078
3091,3090
3016,3221
3016,481
3016,3110
3016,3111
3016,3122
3016,409
3016,3090
3016,3113
3016,436
3016,3117
3016,460
3016,3074
3016,3078
3016,3430
3016,3106
3016,3096
3016,443
3016,3043
3016,3080
434,2003
434,434
434,2004
434,539
434,3177
434,446
434,319
434,3173
434,3282
434,3236
434,3427
434,345
434,468
434,280
345,432
345,150
345,2004
345,161
345,492
345,225
345,2012
345,3171
345,3059
345,546
345,302
345,485
345,3078
345,268
345,417
345,128
345,253
345,537
335,335
335,2004
335,248
335,268
335,3435
335,3320
335,320
335,537
3290,3238
3290,3141
257,3435
257,147
257,2009
257,296
257,257
257,319
257,411
257,3231
257,276
257,295
257,3244
3159,3159
3159,454
3159,3171
3159,3177
3159,2006
3159,161
3159,2023
3159,3235
3159,495
3159,477
3159,3305
3159,3141
3159,2003
3159,3231
3159,456
3159,432
3156,3238
3156,3305
3156,3150
3156,3355
3156,3294
3156,456
3156,3374
3156,455
3156,3375
3156,3145
3156,3134
3156,2006
3156,3312
320,316
320,360
320,296
320,392
320,3435
320,386
320,493
320,276
320,264
320,303
3431,546
3431,458
3431,446
3431,315
3431,395
3431,3312
3431,435
485,546
485,456
485,435
485,3134
485,500
485,446
485,2012
485,268
546,546
546,3258
546,2003
546,296
546,313
392,120
392,313
392,440
392,2010
392,244
392,2000
392,3373
392,3329
392,152
392,3306
392,533
392,3242
392,3049
336,446
336,432
336,3402
336,435
336,332
336,116
336,417
336,147
336,3427
336,2009
336,2012
336,359
351,411
351,492
351,2009
351,296
351,356
351,295
351,332
351,2004
319,150
319,3436
319,128
319,3265
319,225
319,79
319,3427
319,518
319,319
319,3435
3306,3332
3306,3415
3306,3419
3306,3402
3306,3335
3306,3418
3306,3409
3306,3361
3306,3348
3435,3236
3435,347
3435,315
3435,3244
3435,150
3435,349
3435,128
3435,321
3435,302
3435,518
3435,357
3435,400
3435,411
3435,2004
3435,339
3435,2009
3435,432
3435,530
3435,386
3435,152
3435,417
3435,3055
3171,454
3171,303
3171,3173
3171,3320
3171,495
3171,3301
3171,457
3171,3372
3171,3370
3171,3231
3171,3238
3076,3063
3076,3094
3076,313
3076,3065
3076,481
3076,3071
3063,539
3063,3083
3063,3088
3063,3063
3175,3177
3175,422
3175,280
3175,3294
3175,3144
3175,2006
3175,3231
3175,3175
3175,477
3175,3355
3058,481
3058,397
3058,3067
446,458
446,3427
446,435
446,116
446,3258
446,147
446,468
446,537
446,3338
3117,356
3117,242
3117,3265
3117,3117
3117,3111
3117,3110
3117,539
356,128
356,2006
356,460
356,432
356,147
530,2003
530,455
530,304
530,3178
530,3258
530,315
530,458
530,530
530,537
530,2006
316,411
316,418
316,3427
316,3436
316,2004
316,147
316,252
3068,407
3068,3083
3068,3068
3068,3430
3068,397
3335,3317
3335,3321
3335,3353
3335,3373
3335,395
3335,467
3335,3399
3317,3348
3317,3377
3317,3373
537,3236
537,357
537,435
3177,3294
3177,3292
3177,3331
3177,3177
3177,2010
3177,458
456,3238
456,501
456,3145
456,456
456,3375
456,2017
456,440
456,457
3238,3375
3238,367
3238,3305
3238,3145
3238,3157
3238,3351
3238,2006
116,3074
116,260
116,458
116,268
116,477
116,295
3301,3320
3301,3301
458,147
458,495
458,454
458,3178
458,327
539,460
539,3096
539,3083
539,3106
539,539
539,3102
539,3072
539,437
539,3066
539,144
539,3074
539,282
539,3232
539,3078
539,3082
539,3059
539,3095
539,3088
539,3077
3407,395
3407,3388
3407,3382
3407,3415
3407,3389
3407,3321
395,275
395,3347
395,3353
395,406
395,418
395,298
395,3315
395,3373
395,3346
395,3388
395,3332
395,120
395,3421
3236,3141
3236,447
3236,2006
3236,2009
3236,253
3236,3355
3141,2006
3141,492
3141,2003
3141,3141
3141,3150
3141,3438
3141,3374
3141,3134
3141,279
3141,3370
3141,3355
3292,3374
3292,3292
3292,2006
3292,3320
3292,3363
3292,3282
3292,457
278,3384
278,296
278,3409
278,239
278,278
278,282
303,268
303,349
303,390
303,225
303,279
303,347
303,128
303,417
303,3244
303,3258
303,249
303,302
303,147
303,477
295,161
295,339
295,302
295,150
295,411
295,3427
295,518
295,341
295,349
295,400
295,295
295,2009
295,315
295,268
295,260
295,266
295,3265
161,2009
161,327
161,435
161,150
161,147
161,3134
161,2010
161,268
3150,3391
3150,3150
3150,3145
3150,3305
3436,3436
3436,264
3436,417
3436,249
3436,2010
3436,147
3436,128
2006,2006
2006,3374
2006,3427
2006,3282
2006,3320
2006,492
2006,3359
2006,440
2006,315
2006,500
2006,477
2006,3144
3351,3379
3351,3151
3332,3397
3332,3408
3332,3246
3427,79
3427,349
3427,253
3427,296
3427,347
3427,315
3427,264
3427,3088
3427,493
3427,432
3427,406
3427,3082
3427,2003
3427,3042
3427,252
3427,454
3427,302
3427,147
3074,3110
3074,349
3074,3064
3074,471
3074,3057
3074,3106
3074,3074
3074,3102
3074,3430
3074,3061
3074,3077
471,3041
471,471
471,3067
471,296
471,3114
471,3064
471,3083
471,390
471,282
471,3371
3094,3115
3094,460
3094,3055
3094,3113
3094,3102
3094,3090
225,455
225,304
225,2004
225,327
225,276
225,3258
225,3320
3145,3151
3145,518
3145,3320
3145,3157
3145,3145
3145,3305
3064,3062
3064,3103
3064,3419
3064,3083
3064,3057
3064,3077
3064,3413
3064,3053
3082,3103
3082,3065
3082,3082
3082,258
3082,282
3082,3078
3103,245
3103,3430
3103,3050
3103,258
3103,128
3103,3129
3103,3078
3103,3095
3103,3088
3392,3422
3392,3382
3392,3315
3069,3062
3069,3083
3062,3054
3062,275
3062,3241
481,436
481,262
481,232
481,3046
481,282
518,3305
518,367
518,400
518,2003
518,2023
518,268
518,492
518,457
3379,3387
3379,3338
249,3440
249,304
249,152
249,427
249,128
249,415
249,276
349,3078
349,315
349,279
349,332
349,349
349,443
349,435
349,128
327,501
327,268
327,427
327,415
327,327
327,322
327,432
327,147
327,332
327,248
327,360
327,2004
327,279
327,296
327,264
327,252
327,337
440,492
440,3370
440,3355
440,3134
440,493
432,386
432,454
432,253
432,432
432,3077
432,79
432,460
432,457
432,435
432,3085
3102,3122
3102,460
3102,3096
3102,3085
3102,3083
3102,3430
3102,3080
3102,244
150,242
150,279
150,3085
150,280
150,3265
150,447
3080,3096
3124,3129
3124,3237
3124,3126
128,435
128,357
128,3374
128,337
128,2003
128,79
128,347
128,152
3178,147
3178,495
321,242
321,3090
321,245
321,304
321,406
321,3106
321,279
321,417
321,443
321,321
321,268
321,323
242,3246
242,282
242,460
242,406
242,3110
242,3180
242,3056
242,3232
3387,3305
3387,3425
2003,435
2003,253
2003,3265
2003,492
2003,2003
2003,454
2003,493
2003,3134
2003,279
2003,332
2003,501
3096,3113
3096,282
3096,3122
3096,421
3096,443
3096,3402
3113,3119
3113,3106
3113,3237
3113,3072
3113,3126
3113,3122
3113,3129
3113,3085
3113,3115
3113,3090
417,495
417,268
417,2004
417,347
417,279
417,427
417,492
417,2009
417,248
417,322
2009,79
2009,279
2009,337
2009,296
2009,2009
79,347
79,3244
79,147
422,3374
244,144
244,467
244,239
244,3405
244,323
244,3232
244,3304
244,3249
280,280
280,427
302,296
302,3134
302,245
302,501
302,2004
302,341
3321,3246
3321,3242
3321,3415
3321,3303
3110,3106
3110,406
3110,282
3110,3090
3110,3129
3110,3067
3110,3430
454,3438
454,468
454,3338
454,2012
454,477
3438,3359
3438,3134
3438,2004
347,279
347,3173
347,3331
347,386
347,492
347,3265
495,3244
495,435
495,367
495,469
495,3372
495,3129
495,173
495,477
3320,3305
3320,3282
3320,3331
3320,3374
3320,457
3320,3320
501,315
501,501
501,279
3415,3315
3415,3353
3415,239
3415,275
3415,3382
3315,390
3315,3419
3315,3409
3315,3329
3315,3348
3315,3324
3315,83
3315,3344
3315,3242
3315,3115
3067,3241
3067,3085
411,411
411,3265
411,400
411,332
411,253
411,386
460,3111
460,460
460,3071
390,3041
390,3353
390,406
390,216
390,3249
390,3085
390,3418
279,279
279,3402
279,296
279,332
279,268
279,304
279,322
268,427
268,386
268,3246
268,268
268,152
268,3265
268,455
3041,3041
3041,323
3041,3055
3331,3331
3331,2023
3077,3115
3077,3055
3077,120
3077,3077
3077,332
3077,3083
492,2010
492,455
492,367
492,457
492,469
492,2017
313,3232
313,262
313,2000
313,3440
313,274
313,3242
313,120
252,252
252,427
252,447
3421,296
3421,3382
3088,3042
3088,3128
3088,3043
3088,3083
3235,359
3235,3355
3235,457
3235,455
3305,3134
3305,3151
3305,2023
3305,3391
3305,3345
3305,3374
3305,457
3305,455
3305,533
3305,3129
282,282
282,3111
282,421
282,2000
282,3078
282,144
2004,147
2004,2004
2004,341
2004,3244
2004,2012
2004,447
3353,3361
3353,3398
3353,3422
3353,3242
3353,322
3353,3403
3353,3402
3353,3347
3353,3180
3353,3329
3353,3399
3353,3397
3353,3342
3090,3078
3090,3106
3090,3115
3090,3344
3115,443
3115,3120
3115,3119
2010,2010
2010,274
3399,3358
3399,3361
3399,3386
3399,3404
3358,3304
3358,3373
3358,3310
3358,232
3358,421
3358,420
3046,409
3046,467
3046,3055
3046,3404
3403,3232
3403,3395
3403,3300
3403,3404
455,3338
455,3375
455,3061
455,332
455,3370
455,493
400,296
144,3242
144,2000
144,296
144,3078
3049,262
83,3304
83,3371
83,406
83,3402
83,3411
83,310
83,322
83,436
83,275
3249,3055
3249,3056
3249,310
3249,3409
3055,397
3055,357
3241,3242
3241,310
3241,3061
437,3054
437,3043
437,274
437,3418
437,3409
437,3242
437,3053
3054,436
3054,3043
3054,3361
3054,120
3310,3398
3310,3310
296,341
296,3402
296,3308
296,415
296,3413
296,147
296,386
296,296
296,120
3151,3157
3151,3231
3151,304
409,3106
409,232
409,436
467,3371
467,3404
467,310
467,3242
467,3389
467,3409
467,3410
467,3402
467,3232
467,467
467,3298
467,119
467,3419
3111,386
276,337
276,276
152,360
152,152
152,304
3042,3050
386,304
386,332
386,147
304,147
304,304
304,427
304,275
304,315
407,3180
407,216
407,3242
407,3409
407,3402
407,3440
3294,3363
3294,457
3294,3374
3294,173
3419,3404
3419,3300
3419,420
3419,3397
3419,3420
3419,3242
3419,298
3402,3386
3402,3347
3402,420
3402,3397
3402,3329
3402,3348
3402,3382
3402,3232
3359,3374
3359,457
3304,3397
3304,3333
3304,3418
3304,3398
3304,3346
3304,3373
3304,3420
3304,3384
3304,3300
3304,322
3397,3382
3397,3303
3397,3373
3397,3389
3397,3361
3397,3329
3397,3324
3397,3298
3397,3242
3244,468
147,3303
147,147
147,415
3382,3408
3382,3382
3384,3409
3384,3344
245,274
245,258
2017,457
2017,2012
2023,3375
2023,3372
3377,3409
3377,3377
3377,3386
3377,3347
3377,3395
3377,3340
3377,3242
120,406
120,3440
120,397
120,120
120,3232
120,3418
3095,3418
3095,3085
3372,3345
3372,3372
3078,3179
3078,3071
3078,3083
3072,3072
415,332
415,415
3420,3409
3420,3404
3420,3232
3420,239
3409,3389
3409,3398
3409,397
3409,3422
3409,3180
3409,3237
3409,3373
3409,406
3409,3386
3083,3418
3083,3083
3083,3085
436,420
436,3043
436,399
436,3413
436,3044
421,258
323,2000
323,406
435,427
435,357
274,3057
274,275
274,3418
274,3371
274,3242
274,3405
274,274
3126,3237
3126,3126
3126,3085
3237,3070
3237,3127
3237,3119
397,397
2012,341
3408,3422
3408,3348
3408,3408
3408,3232
3408,3180
3312,3345
3312,3129
3312,3312
3312,3391
3312,3375
3312,332
339,339
339,332
332,315
332,427
359,477
3179,239
3179,3071
239,3346
443,258
3355,3363
3122,3120
3122,3129
322,322
322,3440
322,2000
322,3232
322,3413
322,418
322,3342
3106,3106
399,2000
399,3232
315,3440
315,427
3232,232
3232,406
3232,3418
3232,258
427,310
406,310
406,3418
406,3386
406,3303
406,3440
406,2000
406,3422
406,3246
406,258
406,3308
406,3347
310,3242
310,275
310,3329
310,3418
310,3346
310,3071
3119,3120
3050,3056
3374,3374
3374,3282
3374,173
3374,3284
3374,248
3374,457
3246,2000
3246,3405
3246,3308
3303,232
3303,3404
275,232
3389,258
3389,3347
420,3361
420,3056
420,3418
3180,3180
3180,3373
3180,3308
3180,3393
3180,3395
3180,248
3180,3333
3242,2000
3242,232
3242,216
3242,3410
3404,3422
3404,3404
3386,3373
3386,3386
367,477
3361,3373
3440,232
3440,2000
3440,258
3418,3300
3418,3410
3398,3340
3398,3394
3398,3330
3398,3329
3398,3342
3398,3347
3398,3398
3043,3048
3129,3121
3129,3120
3056,3075
3308,3308
3144,3144
3173,3173
3373,3410
3373,3329
3120,3120
3300,3411
3300,3300
3300,3394
3282,3282
3282,469
3282,468
3333,3298
3053,258
258,2000
258,3422
3422,3347
2000,3085
3347,216
3347,3395
3157,3157
3157,500
500,457
3346,3346
3329,3413
3329,298
3329,3324
216,216
457,468
457,457
457,173
457,477
457,533
468,469
468,477
173,173
469,533
3405,3405
298,119
3071,3071
477,447
